
$orca_hessian_file

$act_atom
  0

$act_coord
  0

$act_energy
     -859.238001

$hessian
42
                    0                  1                  2                  3                  4        
    0      7.3233615862E-01  -4.6291646422E-02  -7.1692719972E-02  -2.5961270345E-01  -1.2210298289E-01
    1     -4.6291646422E-02   6.3667576141E-01  -1.1447015276E-01  -6.5001381908E-02  -1.9261339829E-01
    2     -7.1692719972E-02  -1.1447015276E-01   1.5976977281E-01   4.3229435282E-02   4.9090117142E-02
    3     -2.5961270345E-01  -6.5001381908E-02   4.3229435282E-02   6.6174125441E-01  -1.3836004443E-02
    4     -1.2210298289E-01  -1.9261339829E-01   4.9090117142E-02  -1.3836004443E-02   7.1572069458E-01
    5      5.6628674033E-02   4.1299877449E-02  -7.1548521742E-02  -7.0047062780E-02  -1.3681477534E-01
    6     -1.1975892209E-01   2.0197096822E-02   3.6141567766E-03   4.1014006514E-02  -1.8881439036E-02
    7      7.5432753285E-02  -3.0093087195E-01   4.7004520171E-02  -6.6726286050E-02  -3.7816337952E-02
    8     -9.2444496608E-03   5.4632020297E-02  -6.9152389712E-02   1.0625572553E-02   1.2584786337E-02
    9     -5.1918549048E-02  -3.9329395459E-02   1.6556585568E-02  -2.7119854216E-01   1.1449002626E-01
   10      4.0591322806E-03   5.6156455473E-02  -1.3090295040E-02   5.4920811165E-02  -1.6064000678E-01
   11      6.3809449663E-03  -7.3550087813E-03   3.1739104913E-03   1.5601117744E-02   7.3347814083E-03
   12     -7.0741147523E-03  -1.8697995994E-02   5.2340061124E-03   1.3196694747E-02   3.2424677584E-02
   13     -1.7344885270E-02  -4.8169990140E-02   1.3451202351E-02   6.8844021476E-02  -1.4602746664E-02
   14      4.9484551940E-03   1.3715964556E-02  -4.6694755374E-03  -1.7086755443E-02   5.5432910909E-04
   15      1.3615210109E-02   7.0916149036E-02  -1.7800855442E-02  -5.7346273656E-02  -4.9834970345E-03
   16      3.2009092364E-02  -1.5245559598E-02   4.3299536493E-04  -3.5684419649E-03  -6.2816996470E-04
   17     -8.7256239969E-03  -4.9103324994E-03   7.4060159364E-03   8.5915534791E-03   6.0984774004E-04
   18      6.7793345461E-03  -2.4914330179E-02   5.3036780088E-03  -6.2446560985E-02   3.7231548020E-02
   19      3.9774588287E-03  -1.2326407744E-02   2.9666350707E-03   3.9816495656E-02  -3.2186833461E-01
   20     -1.5041092330E-03   6.8965620808E-03   1.1925118567E-03  -5.4870408678E-03   6.2318473991E-02
   21     -3.3604611638E-03   2.5592915441E-03   8.1950331794E-05   2.6486149636E-03  -6.8056645588E-03
   22     -9.1062758499E-06  -6.7102927521E-04   6.7080430201E-04   2.0736389919E-03   5.3044595684E-07
   23      7.8348193437E-04   2.7069268929E-04   2.0365552966E-03  -6.3321951077E-04   1.2331345033E-03
   24     -2.9662769754E-01   1.0491961251E-01   1.0819384286E-02  -1.7334701835E-02   1.0646052029E-02
   25      1.0268493812E-01  -9.9037067874E-02   1.1284420174E-03  -1.8187752818E-02   1.0929102187E-02
   26      1.1318978059E-02   7.4280980631E-04  -3.6610430216E-02   7.0564794120E-03  -3.2968609526E-03
   27     -9.0449824163E-03  -1.0594239016E-02   4.1452678477E-03   1.8174060766E-03  -1.4821347243E-04
   28     -3.5888777573E-02  -2.4200685382E-02   1.1370321498E-02   5.8760969992E-03  -2.9815970438E-03
   29      1.0110028703E-02   7.9033263784E-03   3.4859750219E-04  -1.1249187501E-03   1.8134450618E-03
   30      3.9912166672E-04  -6.5500070739E-04  -3.0730537406E-05   1.8511796911E-03   7.7672352317E-04
   31     -9.0040301618E-04  -7.7845063906E-04   4.1612104597E-05  -2.0445032226E-04  -5.3625110652E-03
   32      1.8155920151E-05   2.6992425903E-05  -1.0865057896E-03   5.0535539077E-04   2.4440679839E-03
   33     -5.4070299545E-03   1.7565725763E-03   1.0647980466E-03  -9.8941417051E-04  -5.1916999864E-04
   34      2.5263622349E-03   1.1172715535E-03   6.8147974602E-04  -2.3367011631E-04   6.6899672759E-04
   35      9.1718147007E-04   8.2216072579E-04   5.1423265558E-03   1.0941157207E-05  -3.9952907374E-04
   36     -6.4533327442E-04   6.2044747658E-03  -6.0541471822E-04  -5.1527376519E-02  -2.6786795074E-02
   37      1.7220923253E-03  -8.0614334147E-04   1.1929609224E-03  -3.0987329648E-03   9.7651440280E-03
   38      3.7213160055E-04   6.7682001137E-04   5.0072323430E-03   8.2162076560E-03   2.1956617175E-03
   39      5.0809581684E-04  -8.4573019008E-04   2.0161834061E-06  -2.1945074354E-03  -1.8563595755E-03
   40     -1.4290981798E-04   1.0243018051E-04  -2.6284451863E-04  -5.7857557090E-04  -4.1554857217E-04
   41     -1.7970031016E-04  -1.1603069060E-04  -1.0564467881E-03   4.8918648559E-04   4.7359719405E-04
                    5                  6                  7                  8                  9        
    0      5.6628674033E-02  -1.1975892209E-01   7.5432753285E-02  -9.2444496608E-03  -5.1918549048E-02
    1      4.1299877449E-02   2.0197096822E-02  -3.0093087195E-01   5.4632020297E-02  -3.9329395459E-02
    2     -7.1548521742E-02   3.6141567766E-03   4.7004520171E-02  -6.9152389712E-02   1.6556585568E-02
    3     -7.0047062780E-02   4.1014006514E-02  -6.6726286050E-02   1.0625572553E-02  -2.7119854216E-01
    4     -1.3681477534E-01  -1.8881439036E-02  -3.7816337952E-02   1.2584786337E-02   1.1449002626E-01
    5      1.6646407384E-01  -5.5500808289E-04   1.8949017001E-02  -2.0309623117E-04   1.5695503104E-03
    6     -5.5500808289E-04   5.4266201856E-01  -8.6064533389E-02  -3.8449203178E-02  -2.5734488964E-02
    7      1.8949017001E-02  -8.6064533389E-02   5.7012255724E-01  -9.6229120980E-02   3.3792020151E-02
    8     -2.0309623117E-04  -3.8449203178E-02  -9.6229120980E-02   1.4136746454E-01  -5.1364897747E-03
    9      1.5695503104E-03  -2.5734488964E-02   3.3792020151E-02  -5.1364897747E-03   6.5593587129E-01
   10      1.5451779714E-02   3.5734716301E-02  -4.3899951365E-02   4.8668092889E-03  -3.0560236898E-02
   11     -6.6940672250E-02  -5.5440067595E-03   4.5675223069E-03  -5.3679079266E-03  -6.3337129292E-02
   12     -8.5110156915E-03  -5.7011873467E-02   8.5442112535E-03   6.4704254282E-03  -1.2640919827E-01
   13     -4.3776387724E-03  -3.9991440829E-02   5.4789438585E-02  -6.6376759070E-03   1.4139511024E-02
   14      8.7585955465E-03   1.7671778792E-02  -1.3030161683E-02   4.7866103490E-03   5.1542077278E-03
   15      8.8106335353E-03  -2.7221870262E-01   6.1411413046E-02   1.4350502162E-02   4.0544840619E-02
   16      4.2802390833E-04   1.1707233944E-01  -1.5368646378E-01   6.4763548010E-03  -2.1284989483E-02
   17     -2.2052305610E-03   1.7622115097E-03   1.4270894907E-02  -6.1217759857E-02  -2.2189379892E-04
   18     -4.8939161871E-03  -2.5243740760E-03  -1.7952690184E-03   1.8231314552E-03   5.0783712220E-04
   19      6.1999118871E-02  -2.3542877661E-03   1.2017023190E-03   1.5668135386E-03  -2.3390469284E-03
   20     -4.8408546061E-02   1.9045757038E-03   1.7414237064E-03   6.8841248766E-03   1.0531536335E-03
   21      1.3410212378E-03  -1.4158972617E-03  -8.1907477451E-04  -8.3946731260E-04  -8.6398872496E-02
   22      3.3601314233E-05  -5.3980864874E-04   8.1598415043E-04  -1.6393652015E-04  -1.1556308785E-02
   23      1.1496554891E-03   3.3353136593E-04  -7.8468989176E-05   1.4619222441E-04   1.2496763884E-02
   24      2.5396678364E-04  -1.5570473766E-03  -1.7244268212E-03   9.9538544522E-04   4.4646123581E-05
   25      5.7216737361E-04   2.8215567670E-02  -7.9060615457E-03  -1.3222254520E-03  -2.4390574920E-03
   26      2.6698031539E-03  -6.0138296780E-03   2.7149572368E-03   2.9832007055E-03   1.6121558596E-03
   27      4.3499322991E-04  -1.0466259263E-01  -4.7404405933E-02   2.2878639194E-02   1.5609450334E-03
   28      1.0162826540E-03  -4.7259237688E-02  -7.4402807393E-02   1.9323906258E-02  -1.5782242620E-04
   29      4.4524148424E-03   2.2595810095E-02   1.9187240546E-02  -2.9221760553E-02  -6.5967199271E-05
   30      2.9450385156E-04  -3.8584762182E-04  -2.9155474537E-03   1.9505284227E-03  -2.8761619091E-03
   31      2.5387858431E-03  -2.4104986468E-03  -6.4530180443E-04   2.1871050262E-03   2.8749740338E-02
   32      4.6778635108E-03   1.6472188465E-03   2.2891687435E-03   6.8336797026E-03  -5.8609218426E-03
   33      9.0137426393E-05  -7.1956342816E-04   2.7941469442E-02  -6.0881555437E-03  -2.8769902896E-03
   34     -4.0603536673E-04  -1.8398670448E-03  -8.5451566823E-03   2.8751569404E-03  -2.3495315383E-03
   35     -1.1270959955E-03   8.7329943190E-04  -1.1048907208E-03   2.8870669351E-03   1.9222454818E-03
   36      1.3876434885E-02  -1.5724970966E-04  -9.2891611045E-06   5.6368432948E-04  -1.5830252045E-01
   37     -1.0338771492E-03  -1.8777826338E-03   1.4157517700E-03  -2.8870784691E-04  -7.9222406682E-02
   38      1.9166610589E-03   3.3910868071E-04  -4.7875837981E-04  -6.2695762901E-04   3.6430784688E-02
   39      8.4279558352E-04   2.3279275070E-03   6.4982523975E-04   4.6585311283E-05   2.7129414934E-02
   40      2.9720434102E-04   2.8662713664E-04  -1.2954719033E-04   8.0997631999E-07  -2.0273674099E-03
   41      3.2511985536E-04  -3.9286436025E-04  -5.6758595288E-05  -5.0481448359E-06  -2.2824604675E-03
                   10                 11                 12                 13                 14        
    0      4.0591322806E-03   6.3809449663E-03  -7.0741147523E-03  -1.7344885270E-02   4.9484551940E-03
    1      5.6156455473E-02  -7.3550087813E-03  -1.8697995994E-02  -4.8169990140E-02   1.3715964556E-02
    2     -1.3090295040E-02   3.1739104913E-03   5.2340061124E-03   1.3451202351E-02  -4.6694755374E-03
    3      5.4920811165E-02   1.5601117744E-02   1.3196694747E-02   6.8844021476E-02  -1.7086755443E-02
    4     -1.6064000678E-01   7.3347814083E-03   3.2424677584E-02  -1.4602746664E-02   5.5432910909E-04
    5      1.5451779714E-02  -6.6940672250E-02  -8.5110156915E-03  -4.3776387724E-03   8.7585955465E-03
    6      3.5734716301E-02  -5.5440067595E-03  -5.7011873467E-02  -3.9991440829E-02   1.7671778792E-02
    7     -4.3899951365E-02   4.5675223069E-03   8.5442112535E-03   5.4789438585E-02  -1.3030161683E-02
    8      4.8668092889E-03  -5.3679079266E-03   6.4704254282E-03  -6.6376759070E-03   4.7866103490E-03
    9     -3.0560236898E-02  -6.3337129292E-02  -1.2640919827E-01   1.4139511024E-02   5.1542077278E-03
   10      6.1854396397E-01  -1.0877105876E-01   7.4198870377E-02  -2.8420061871E-01   4.2091422200E-02
   11     -1.0877105876E-01   1.7327038618E-01  -8.9713984107E-03   5.0364742106E-02  -7.3363804284E-02
   12      7.4198870377E-02  -8.9713984107E-03   7.3128243681E-01  -3.4456410869E-02  -7.4679253941E-02
   13     -2.8420061871E-01   5.0364742106E-02  -3.4456410869E-02   6.3183119925E-01  -1.1551261680E-01
   14      4.2091422200E-02  -7.3363804284E-02  -7.4679253941E-02  -1.1551261680E-01   1.5862463253E-01
   15     -6.6858310439E-02   1.0620923067E-02  -2.5692061200E-01  -6.6469206241E-02   4.3305669291E-02
   16     -3.4495692527E-02   1.1687826960E-02  -1.2483787942E-01  -1.9454016368E-01   5.0116428231E-02
   17      1.7948321935E-02  -1.3583741580E-03   5.6863708066E-02   4.2087076914E-02  -7.0802101539E-02
   18      2.8745647715E-02  -6.2502129003E-03  -5.2793421356E-03   1.6851901174E-03   1.0576230900E-03
   19     -8.7482363633E-03   3.3654835228E-03   2.5148486779E-03   1.0296365088E-03   6.7376038944E-04
   20     -8.4701181128E-04   4.2214487399E-03   8.6487357617E-04   8.0556123610E-04   5.0810093270E-03
   21      2.1031715660E-02   4.6967750329E-03   1.6425958008E-02   1.0759806456E-02  -4.5723946613E-03
   22     -9.1059392481E-03   8.7269259662E-05  -9.6844771396E-03  -2.0504279151E-03   2.1345113864E-03
   23     -4.4538632862E-03  -1.6122068303E-02   2.1022822835E-04  -6.7709446073E-04   9.7726890816E-04
   24     -3.0613152484E-03   1.7718020572E-03   4.1586230676E-04  -6.4292999112E-04  -5.2874811722E-05
   25     -1.2592680931E-03   2.4547046945E-03  -9.7660466962E-04  -7.5863299968E-04   4.4579257711E-05
   26      2.5192502830E-03   6.9799321082E-03   5.4647455904E-06  -3.5104818914E-05  -1.1238697702E-03
   27     -6.2636518997E-04  -1.6406051308E-04  -1.5647719806E-03   6.6497231705E-03  -7.1719743114E-04
   28      1.3632480609E-03  -4.5212218728E-04   6.4154515606E-04   4.5969552526E-05   9.9402390988E-04
   29     -2.6557847935E-04  -5.3563467184E-04   6.4594368656E-04   6.0996341123E-05   4.5279521098E-03
   30     -2.7174844531E-03   1.5726433209E-03  -2.9166743140E-01   1.0389983380E-01   1.0606482273E-02
   31     -7.9508625427E-03  -1.1502290826E-03   1.0224443207E-01  -9.9917044223E-02   1.6101651669E-03
   32      3.0011557629E-03   3.9903294000E-03   1.0959707597E-02   1.4180292431E-03  -3.5433702012E-02
   33     -1.8659577804E-03   1.8867109543E-03   6.9980310425E-03  -2.4756420518E-02   5.2738125415E-03
   34      1.5205782808E-03   1.7941722745E-03   3.8219247163E-03  -1.2322889089E-02   3.0680022194E-03
   35      1.7505623638E-03   7.1154789260E-03  -1.4363041455E-03   6.9469128017E-03   1.4642593782E-03
   36     -1.1648103220E-01   4.5252512349E-02  -1.6061583127E-02  -2.1817597368E-02   8.1862556074E-03
   37     -1.2876848416E-01   3.4436793262E-02  -3.8068229920E-02  -3.2619355980E-02   1.4318636249E-02
   38      3.9625833559E-02  -4.2643636398E-02   1.2057527238E-02   1.2116618848E-02   1.6843251095E-03
   39      3.7124407598E-03  -3.5741109739E-03  -6.1485634941E-03  -4.6534351163E-04   8.7474931063E-04
   40      1.6676181221E-03   1.6029370505E-03   1.9104534844E-03   9.2450280391E-04  -5.8614759949E-04
   41      8.0409064656E-04   7.4320864739E-03   3.3156368757E-04  -2.7904789617E-04  -4.4283192612E-04
                   15                 16                 17                 18                 19        
    0      1.3615210109E-02   3.2009092364E-02  -8.7256239969E-03   6.7793345461E-03   3.9774588287E-03
    1      7.0916149036E-02  -1.5245559598E-02  -4.9103324994E-03  -2.4914330179E-02  -1.2326407744E-02
    2     -1.7800855442E-02   4.3299536493E-04   7.4060159364E-03   5.3036780088E-03   2.9666350707E-03
    3     -5.7346273656E-02  -3.5684419649E-03   8.5915534791E-03  -6.2446560985E-02   3.9816495656E-02
    4     -4.9834970345E-03  -6.2816996470E-04   6.0984774004E-04   3.7231548020E-02  -3.2186833461E-01
    5      8.8106335353E-03   4.2802390833E-04  -2.2052305610E-03  -4.8939161871E-03   6.1999118871E-02
    6     -2.7221870262E-01   1.1707233944E-01   1.7622115097E-03  -2.5243740760E-03  -2.3542877661E-03
    7      6.1411413046E-02  -1.5368646378E-01   1.4270894907E-02  -1.7952690184E-03   1.2017023190E-03
    8      1.4350502162E-02   6.4763548010E-03  -6.1217759857E-02   1.8231314552E-03   1.5668135386E-03
    9      4.0544840619E-02  -2.1284989483E-02  -2.2189379892E-04   5.0783712220E-04  -2.3390469284E-03
   10     -6.6858310439E-02  -3.4495692527E-02   1.7948321935E-02   2.8745647715E-02  -8.7482363633E-03
   11      1.0620923067E-02   1.1687826960E-02  -1.3583741580E-03  -6.2502129003E-03   3.3654835228E-03
   12     -2.5692061200E-01  -1.2483787942E-01   5.6863708066E-02  -5.2793421356E-03   2.5148486779E-03
   13     -6.6469206241E-02  -1.9454016368E-01   4.2087076914E-02   1.6851901174E-03   1.0296365088E-03
   14      4.3305669291E-02   5.0116428231E-02  -7.0802101539E-02   1.0576230900E-03   6.7376038944E-04
   15      6.4549823054E-01  -2.1592127701E-02  -6.6062917154E-02  -1.1171493436E-03  -2.3641735539E-04
   16     -2.1592127701E-02   7.1654385824E-01  -1.3649609371E-01  -4.8268997048E-04   7.0881643246E-04
   17     -6.6062917154E-02  -1.3649609371E-01   1.6314078280E-01   1.2319212079E-04  -3.8490439960E-04
   18     -1.1171493436E-03  -4.8268997048E-04   1.2319212079E-04   6.1758052371E-02  -4.0312642007E-02
   19     -2.3641735539E-04   7.0881643246E-04  -3.8490439960E-04  -4.0312642007E-02   3.3963887521E-01
   20      5.9511095130E-05  -3.5776389767E-04  -9.9332145357E-04   4.3283377524E-03  -6.8469063931E-02
   21     -8.5434966962E-04   1.9471170447E-03  -9.5730613946E-05  -5.2961214801E-04  -1.0512196701E-04
   22      1.8959453007E-03  -5.9105791424E-04   1.8791782819E-04  -1.7495661611E-04   2.1015307206E-04
   23     -2.3406630540E-04   1.7395168822E-04   1.1044967718E-03   8.8716803396E-06  -2.1603381207E-04
   24      1.5692491060E-03   6.5708042597E-04   4.0205461852E-04   9.5551594082E-04   3.6900764942E-06
   25     -1.1455740661E-04  -5.4321216877E-03   2.5857725497E-03   2.1436029268E-04   5.3925846234E-04
   26      5.3140128381E-04   2.5212170757E-03   4.8837807648E-03  -7.8484818916E-04  -1.1592204809E-03
   27     -3.7041042554E-02  -2.8110025952E-02   1.2073563359E-02  -6.8540117671E-04  -2.2900624932E-04
   28     -2.8466160821E-03   2.1774888927E-03   6.8368801381E-04  -1.4822735168E-03  -7.1951087883E-04
   29      6.1077175646E-03   4.1436015709E-03   1.7367402508E-03   4.6226666863E-04   2.7491864476E-04
   30     -1.8192972060E-02   1.1027396149E-02   3.0925189655E-04  -2.9888200276E-05   5.5833536124E-05
   31     -1.8269860961E-02   1.0456399931E-02   6.0879006889E-04   1.4770375012E-03  -3.6003453206E-04
   32      7.1935072047E-03  -3.2636863464E-03   2.4293221577E-03  -3.2439597547E-04   1.2378044243E-04
   33     -6.1134698106E-02   3.7864743178E-02  -5.2412439367E-03   9.5831865284E-05  -2.1270982723E-05
   34      4.0188106490E-02  -3.2218006564E-01   6.1982180208E-02  -5.1974883100E-05  -1.0399559785E-04
   35     -5.7842727494E-03   6.2260573674E-02  -4.8388669891E-02  -8.5950599627E-05  -1.5834821501E-04
   36      4.8067809323E-03   5.7695082393E-04  -3.3848890742E-05   1.9955593191E-03  -6.6864699551E-04
   37      7.4083032911E-03  -2.7435649034E-03   8.4062487879E-04  -2.7639295354E-04   8.7372195171E-04
   38     -1.5940291889E-03   1.7338721421E-03   4.9723536899E-03  -6.6887095037E-04  -9.3766425665E-04
   39     -1.4006210762E-03  -1.6645828372E-03   3.7156712252E-04   5.0744386643E-04  -1.2948154463E-05
   40     -4.3320914985E-04  -4.9583241843E-05  -8.4772924893E-05   1.5534125718E-04  -1.4858193230E-05
   41      2.8018297834E-04   9.8873576098E-05  -6.5932603750E-04  -5.4582813949E-05   8.2174367259E-05
                   20                 21                 22                 23                 24        
    0     -1.5041092330E-03  -3.3604611638E-03  -9.1062758499E-06   7.8348193437E-04  -2.9662769754E-01
    1      6.8965620808E-03   2.5592915441E-03  -6.7102927521E-04   2.7069268929E-04   1.0491961251E-01
    2      1.1925118567E-03   8.1950331794E-05   6.7080430201E-04   2.0365552966E-03   1.0819384286E-02
    3     -5.4870408678E-03   2.6486149636E-03   2.0736389919E-03  -6.3321951077E-04  -1.7334701835E-02
    4      6.2318473991E-02  -6.8056645588E-03   5.3044595684E-07   1.2331345033E-03   1.0646052029E-02
    5     -4.8408546061E-02   1.3410212378E-03   3.3601314233E-05   1.1496554891E-03   2.5396678364E-04
    6      1.9045757038E-03  -1.4158972617E-03  -5.3980864874E-04   3.3353136593E-04  -1.5570473766E-03
    7      1.7414237064E-03  -8.1907477451E-04   8.1598415043E-04  -7.8468989176E-05  -1.7244268212E-03
    8      6.8841248766E-03  -8.3946731260E-04  -1.6393652015E-04   1.4619222441E-04   9.9538544522E-04
    9      1.0531536335E-03  -8.6398872496E-02  -1.1556308785E-02   1.2496763884E-02   4.4646123581E-05
   10     -8.4701181128E-04   2.1031715660E-02  -9.1059392481E-03  -4.4538632862E-03  -3.0613152484E-03
   11      4.2214487399E-03   4.6967750329E-03   8.7269259662E-05  -1.6122068303E-02   1.7718020572E-03
   12      8.6487357617E-04   1.6425958008E-02  -9.6844771396E-03   2.1022822835E-04   4.1586230676E-04
   13      8.0556123610E-04   1.0759806456E-02  -2.0504279151E-03  -6.7709446073E-04  -6.4292999112E-04
   14      5.0810093270E-03  -4.5723946613E-03   2.1345113864E-03   9.7726890816E-04  -5.2874811722E-05
   15      5.9511095130E-05  -8.5434966962E-04   1.8959453007E-03  -2.3406630540E-04   1.5692491060E-03
   16     -3.5776389767E-04   1.9471170447E-03  -5.9105791424E-04   1.7395168822E-04   6.5708042597E-04
   17     -9.9332145357E-04  -9.5730613946E-05   1.8791782819E-04   1.1044967718E-03   4.0205461852E-04
   18      4.3283377524E-03  -5.2961214801E-04  -1.7495661611E-04   8.8716803396E-06   9.5551594082E-04
   19     -6.8469063931E-02  -1.0512196701E-04   2.1015307206E-04  -2.1603381207E-04   3.6900764942E-06
   20      3.9936478655E-02   6.7184577219E-06  -2.0219080673E-04  -7.1229021336E-04  -7.2045847648E-04
   21      6.7184577219E-06   1.7299383015E+00   4.0025227897E-02  -2.3342292379E-01   6.5478701282E-05
   22     -2.0219080673E-04   4.0025227897E-02   1.3852750640E-01  -1.2889849337E-02  -3.5425600509E-05
   23     -7.1229021336E-04  -2.3342292379E-01  -1.2889849337E-02   1.4339680869E-01  -2.1840520792E-05
   24     -7.2045847648E-04   6.5478701282E-05  -3.5425600509E-05  -2.1840520792E-05   3.1347535802E-01
   25     -1.1923360720E-03   2.1732838182E-04  -3.8399073634E-05  -3.6313231302E-05  -1.1011807142E-01
   26     -4.0368658998E-03   1.0069859244E-04   2.3625807807E-06  -8.8900544236E-05  -1.3324779889E-02
   27      1.6943619438E-04   4.1232232863E-03  -3.8818143781E-04  -4.9600386462E-04   1.0833364615E-03
   28      4.0854418525E-04   2.9101437770E-03  -3.6292373724E-04  -3.6331307659E-04  -7.1656319023E-04
   29      4.1769752141E-05  -1.8914233355E-03   4.0465267005E-05  -8.4306703098E-06  -2.9200599514E-04
   30      2.1315468008E-05   4.4649843441E-04   3.7265393983E-04  -2.2579626306E-04  -7.3869019000E-05
   31     -7.6609145989E-05  -9.5143758426E-04  -9.4404864938E-04   1.8866207778E-04   1.5441517686E-05
   32      1.9252362604E-04   3.9385014684E-04  -3.4408218285E-05  -8.7957924644E-04  -1.1902052564E-04
   33     -9.5477141423E-05   9.0592985175E-04  -2.8041949817E-04  -7.4958538373E-05   5.9429492534E-05
   34     -1.2972323859E-04   8.0167740133E-04  -2.1866197485E-04  -8.6222092380E-05   3.8118701608E-05
   35     -6.0284346172E-04  -1.4861307794E-04   7.3335968973E-05  -9.8788312394E-05   3.6270342482E-05
   36     -5.9731768761E-04  -7.7927180985E-01   1.7770762770E-02   9.7466877943E-02  -1.4892281194E-03
   37     -9.8427884106E-04  -2.5446618363E-02  -6.0510301388E-02   8.6678366737E-03   1.5762341247E-04
   38     -3.1031047654E-03   1.0752037153E-01   2.6690036430E-03  -5.4129768261E-02   1.8718626045E-04
   39     -2.4488348071E-05  -8.8358757713E-01  -3.9446789928E-02   1.2392275075E-01  -3.4943700942E-04
   40      7.0613948384E-05  -4.6175262006E-02  -6.5133385627E-02   8.2886258094E-03  -5.7842012068E-05
   41      3.6618402124E-04   1.2566334259E-01   7.3695422997E-03  -7.6599711872E-02   6.4573264872E-05
                   25                 26                 27                 28                 29        
    0      1.0268493812E-01   1.1318978059E-02  -9.0449824163E-03  -3.5888777573E-02   1.0110028703E-02
    1     -9.9037067874E-02   7.4280980631E-04  -1.0594239016E-02  -2.4200685382E-02   7.9033263784E-03
    2      1.1284420174E-03  -3.6610430216E-02   4.1452678477E-03   1.1370321498E-02   3.4859750219E-04
    3     -1.8187752818E-02   7.0564794120E-03   1.8174060766E-03   5.8760969992E-03  -1.1249187501E-03
    4      1.0929102187E-02  -3.2968609526E-03  -1.4821347243E-04  -2.9815970438E-03   1.8134450618E-03
    5      5.7216737361E-04   2.6698031539E-03   4.3499322991E-04   1.0162826540E-03   4.4524148424E-03
    6      2.8215567670E-02  -6.0138296780E-03  -1.0466259263E-01  -4.7259237688E-02   2.2595810095E-02
    7     -7.9060615457E-03   2.7149572368E-03  -4.7404405933E-02  -7.4402807393E-02   1.9187240546E-02
    8     -1.3222254520E-03   2.9832007055E-03   2.2878639194E-02   1.9323906258E-02  -2.9221760553E-02
    9     -2.4390574920E-03   1.6121558596E-03   1.5609450334E-03  -1.5782242620E-04  -6.5967199271E-05
   10     -1.2592680931E-03   2.5192502830E-03  -6.2636518997E-04   1.3632480609E-03  -2.6557847935E-04
   11      2.4547046945E-03   6.9799321082E-03  -1.6406051308E-04  -4.5212218728E-04  -5.3563467184E-04
   12     -9.7660466962E-04   5.4647455904E-06  -1.5647719806E-03   6.4154515606E-04   6.4594368656E-04
   13     -7.5863299968E-04  -3.5104818914E-05   6.6497231705E-03   4.5969552526E-05   6.0996341123E-05
   14      4.4579257711E-05  -1.1238697702E-03  -7.1719743114E-04   9.9402390988E-04   4.5279521098E-03
   15     -1.1455740661E-04   5.3140128381E-04  -3.7041042554E-02  -2.8466160821E-03   6.1077175646E-03
   16     -5.4321216877E-03   2.5212170757E-03  -2.8110025952E-02   2.1774888927E-03   4.1436015709E-03
   17      2.5857725497E-03   4.8837807648E-03   1.2073563359E-02   6.8368801381E-04   1.7367402508E-03
   18      2.1436029268E-04  -7.8484818916E-04  -6.8540117671E-04  -1.4822735168E-03   4.6226666863E-04
   19      5.3925846234E-04  -1.1592204809E-03  -2.2900624932E-04  -7.1951087883E-04   2.7491864476E-04
   20     -1.1923360720E-03  -4.0368658998E-03   1.6943619438E-04   4.0854418525E-04   4.1769752141E-05
   21      2.1732838182E-04   1.0069859244E-04   4.1232232863E-03   2.9101437770E-03  -1.8914233355E-03
   22     -3.8399073634E-05   2.3625807807E-06  -3.8818143781E-04  -3.6292373724E-04   4.0465267005E-05
   23     -3.6313231302E-05  -8.8900544236E-05  -4.9600386462E-04  -3.6331307659E-04  -8.4306703098E-06
   24     -1.1011807142E-01  -1.3324779889E-02   1.0833364615E-03  -7.1656319023E-04  -2.9200599514E-04
   25      1.0228614707E-01  -3.3296913907E-03   6.3290262893E-04   6.7910071932E-04  -8.8764276946E-04
   26     -3.3296913907E-03   2.7075407061E-02  -6.1554707025E-04  -6.4216832066E-04  -2.4331675069E-03
   27      6.3290262893E-04  -6.1554707025E-04   1.5096880311E-01   8.2997068049E-02  -3.8539573820E-02
   28      6.7910071932E-04  -6.4216832066E-04   8.2997068049E-02   9.8085629042E-02  -3.1912612173E-02
   29     -8.8764276946E-04  -2.4331675069E-03  -3.8539573820E-02  -3.1912612173E-02   2.4165351496E-02
   30     -1.3807674648E-05  -8.8030012033E-05  -1.2993675828E-03  -8.2477660458E-05   2.4506553331E-04
   31      7.0678886752E-05  -1.7586550119E-04  -1.3036059922E-03  -2.0107730922E-04   2.4429323626E-04
   32     -1.6286964073E-04  -6.3321703760E-04   4.9143698619E-04   9.4247506745E-05   6.8692749744E-05
   33      1.4621578101E-03  -3.2086279955E-04   8.4249290301E-04   6.6264216618E-04  -6.3001414957E-04
   34     -3.1014806482E-04   1.4743820934E-04  -6.7059276364E-04   9.1975109592E-04  -6.8887929823E-04
   35     -7.6983572714E-05   2.5294223991E-04  -3.1302675936E-04  -9.1403728884E-04  -2.3857309288E-03
   36     -1.2788017387E-03   4.5346809070E-04  -2.9905031015E-03  -2.4392469947E-03   1.0964754000E-03
   37      1.9715126166E-04  -1.1556098614E-05  -8.2229974488E-04  -3.7370510239E-04   3.8671510333E-05
   38      1.7125979052E-04   1.1677647389E-04   4.5520185725E-04   2.1963535059E-04  -8.1173695798E-04
   39     -3.8765229457E-04   5.7578899410E-05  -3.0941974084E-03  -2.2859739883E-03   1.2971702718E-03
   40     -2.1248706978E-05   2.9169026163E-06   5.5941037557E-06   1.2189010724E-05   4.0631196976E-05
   41      5.0054013208E-05  -3.8742916088E-05   4.2632057610E-04   3.3522523970E-04  -2.1327182793E-05
                   30                 31                 32                 33                 34        
    0      3.9912166672E-04  -9.0040301618E-04   1.8155920151E-05  -5.4070299545E-03   2.5263622349E-03
    1     -6.5500070739E-04  -7.7845063906E-04   2.6992425903E-05   1.7565725763E-03   1.1172715535E-03
    2     -3.0730537406E-05   4.1612104597E-05  -1.0865057896E-03   1.0647980466E-03   6.8147974602E-04
    3      1.8511796911E-03  -2.0445032226E-04   5.0535539077E-04  -9.8941417051E-04  -2.3367011631E-04
    4      7.7672352317E-04  -5.3625110652E-03   2.4440679839E-03  -5.1916999864E-04   6.6899672759E-04
    5      2.9450385156E-04   2.5387858431E-03   4.6778635108E-03   9.0137426393E-05  -4.0603536673E-04
    6     -3.8584762182E-04  -2.4104986468E-03   1.6472188465E-03  -7.1956342816E-04  -1.8398670448E-03
    7     -2.9155474537E-03  -6.4530180443E-04   2.2891687435E-03   2.7941469442E-02  -8.5451566823E-03
    8      1.9505284227E-03   2.1871050262E-03   6.8336797026E-03  -6.0881555437E-03   2.8751569404E-03
    9     -2.8761619091E-03   2.8749740338E-02  -5.8609218426E-03  -2.8769902896E-03  -2.3495315383E-03
   10     -2.7174844531E-03  -7.9508625427E-03   3.0011557629E-03  -1.8659577804E-03   1.5205782808E-03
   11      1.5726433209E-03  -1.1502290826E-03   3.9903294000E-03   1.8867109543E-03   1.7941722745E-03
   12     -2.9166743140E-01   1.0224443207E-01   1.0959707597E-02   6.9980310425E-03   3.8219247163E-03
   13      1.0389983380E-01  -9.9917044223E-02   1.4180292431E-03  -2.4756420518E-02  -1.2322889089E-02
   14      1.0606482273E-02   1.6101651669E-03  -3.5433702012E-02   5.2738125415E-03   3.0680022194E-03
   15     -1.8192972060E-02  -1.8269860961E-02   7.1935072047E-03  -6.1134698106E-02   4.0188106490E-02
   16      1.1027396149E-02   1.0456399931E-02  -3.2636863464E-03   3.7864743178E-02  -3.2218006564E-01
   17      3.0925189655E-04   6.0879006889E-04   2.4293221577E-03  -5.2412439367E-03   6.1982180208E-02
   18     -2.9888200276E-05   1.4770375012E-03  -3.2439597547E-04   9.5831865284E-05  -5.1974883100E-05
   19      5.5833536124E-05  -3.6003453206E-04   1.2378044243E-04  -2.1270982723E-05  -1.0399559785E-04
   20      2.1315468008E-05  -7.6609145989E-05   1.9252362604E-04  -9.5477141423E-05  -1.2972323859E-04
   21      4.4649843441E-04  -9.5143758426E-04   3.9385014684E-04   9.0592985175E-04   8.0167740133E-04
   22      3.7265393983E-04  -9.4404864938E-04  -3.4408218285E-05  -2.8041949817E-04  -2.1866197485E-04
   23     -2.2579626306E-04   1.8866207778E-04  -8.7957924644E-04  -7.4958538373E-05  -8.6222092380E-05
   24     -7.3869019000E-05   1.5441517686E-05  -1.1902052564E-04   5.9429492534E-05   3.8118701608E-05
   25     -1.3807674648E-05   7.0678886752E-05  -1.6286964073E-04   1.4621578101E-03  -3.1014806482E-04
   26     -8.8030012033E-05  -1.7586550119E-04  -6.3321703760E-04  -3.2086279955E-04   1.4743820934E-04
   27     -1.2993675828E-03  -1.3036059922E-03   4.9143698619E-04   8.4249290301E-04  -6.7059276364E-04
   28     -8.2477660458E-05  -2.0107730922E-04   9.4247506745E-05   6.6264216618E-04   9.1975109592E-04
   29      2.4506553331E-04   2.4429323626E-04   6.8692749744E-05  -6.3001414957E-04  -6.8887929823E-04
   30      3.0920828991E-01  -1.0919741065E-01  -1.3181521250E-02   8.4943664788E-04   2.0765964542E-05
   31     -1.0919741065E-01   1.0261639119E-01  -3.6326580109E-03   1.7387539784E-04   5.3123710929E-04
   32     -1.3181521250E-02  -3.6326580109E-03   2.6258407885E-02  -7.5958642583E-04  -1.1862486952E-03
   33      8.4943664788E-04   1.7387539784E-04  -7.5958642583E-04   6.2702148973E-02  -4.1154129904E-02
   34      2.0765964542E-05   5.3123710929E-04  -1.1862486952E-03  -4.1154129904E-02   3.3985515621E-01
   35     -7.0891594399E-04  -1.1877096627E-03  -4.0448502746E-03   4.4028332087E-03  -6.8434948866E-02
   36      1.8834697081E-03   1.0241946142E-03  -1.0669710087E-03  -7.9610117193E-04  -6.4158867960E-04
   37     -4.2088572850E-04   2.5470817997E-03  -1.2759869209E-03  -1.3127737832E-03  -8.2828051953E-04
   38     -6.2564936794E-04  -1.5361494773E-03  -2.8771933479E-03   4.3839351705E-04   2.9445784784E-04
   39      9.8783775875E-06  -4.9685182431E-04   9.7609068125E-05  -5.4669677055E-04  -3.9026146822E-04
   40     -1.6457888794E-05  -1.3341834763E-04   1.5430890721E-04   4.8528163792E-05   7.2686935545E-05
   41      5.6936992431E-05   2.3443904989E-04   4.9580604646E-04   6.7097719899E-05   4.6191201397E-05
                   35                 36                 37                 38                 39        
    0      9.1718147007E-04  -6.4533327442E-04   1.7220923253E-03   3.7213160055E-04   5.0809581684E-04
    1      8.2216072579E-04   6.2044747658E-03  -8.0614334147E-04   6.7682001137E-04  -8.4573019008E-04
    2      5.1423265558E-03  -6.0541471822E-04   1.1929609224E-03   5.0072323430E-03   2.0161834061E-06
    3      1.0941157207E-05  -5.1527376519E-02  -3.0987329648E-03   8.2162076560E-03  -2.1945074354E-03
    4     -3.9952907374E-04  -2.6786795074E-02   9.7651440280E-03   2.1956617175E-03  -1.8563595755E-03
    5     -1.1270959955E-03   1.3876434885E-02  -1.0338771492E-03   1.9166610589E-03   8.4279558352E-04
    6      8.7329943190E-04  -1.5724970966E-04  -1.8777826338E-03   3.3910868071E-04   2.3279275070E-03
    7     -1.1048907208E-03  -9.2891611045E-06   1.4157517700E-03  -4.7875837981E-04   6.4982523975E-04
    8      2.8870669351E-03   5.6368432948E-04  -2.8870784691E-04  -6.2695762901E-04   4.6585311283E-05
    9      1.9222454818E-03  -1.5830252045E-01  -7.9222406682E-02   3.6430784688E-02   2.7129414934E-02
   10      1.7505623638E-03  -1.1648103220E-01  -1.2876848416E-01   3.9625833559E-02   3.7124407598E-03
   11      7.1154789260E-03   4.5252512349E-02   3.4436793262E-02  -4.2643636398E-02  -3.5741109739E-03
   12     -1.4363041455E-03  -1.6061583127E-02  -3.8068229920E-02   1.2057527238E-02  -6.1485634941E-03
   13      6.9469128017E-03  -2.1817597368E-02  -3.2619355980E-02   1.2116618848E-02  -4.6534351163E-04
   14      1.4642593782E-03   8.1862556074E-03   1.4318636249E-02   1.6843251095E-03   8.7474931063E-04
   15     -5.7842727494E-03   4.8067809323E-03   7.4083032911E-03  -1.5940291889E-03  -1.4006210762E-03
   16      6.2260573674E-02   5.7695082393E-04  -2.7435649034E-03   1.7338721421E-03  -1.6645828372E-03
   17     -4.8388669891E-02  -3.3848890742E-05   8.4062487879E-04   4.9723536899E-03   3.7156712252E-04
   18     -8.5950599627E-05   1.9955593191E-03  -2.7639295354E-04  -6.6887095037E-04   5.0744386643E-04
   19     -1.5834821501E-04  -6.6864699551E-04   8.7372195171E-04  -9.3766425665E-04  -1.2948154463E-05
   20     -6.0284346172E-04  -5.9731768761E-04  -9.8427884106E-04  -3.1031047654E-03  -2.4488348071E-05
   21     -1.4861307794E-04  -7.7927180985E-01  -2.5446618363E-02   1.0752037153E-01  -8.8358757713E-01
   22      7.3335968973E-05   1.7770762770E-02  -6.0510301388E-02   2.6690036430E-03  -3.9446789928E-02
   23     -9.8788312394E-05   9.7466877943E-02   8.6678366737E-03  -5.4129768261E-02   1.2392275075E-01
   24      3.6270342482E-05  -1.4892281194E-03   1.5762341247E-04   1.8718626045E-04  -3.4943700942E-04
   25     -7.6983572714E-05  -1.2788017387E-03   1.9715126166E-04   1.7125979052E-04  -3.8765229457E-04
   26      2.5294223991E-04   4.5346809070E-04  -1.1556098614E-05   1.1677647389E-04   5.7578899410E-05
   27     -3.1302675936E-04  -2.9905031015E-03  -8.2229974488E-04   4.5520185725E-04  -3.0941974084E-03
   28     -9.1403728884E-04  -2.4392469947E-03  -3.7370510239E-04   2.1963535059E-04  -2.2859739883E-03
   29     -2.3857309288E-03   1.0964754000E-03   3.8671510333E-05  -8.1173695798E-04   1.2971702718E-03
   30     -7.0891594399E-04   1.8834697081E-03  -4.2088572850E-04  -6.2564936794E-04   9.8783775875E-06
   31     -1.1877096627E-03   1.0241946142E-03   2.5470817997E-03  -1.5361494773E-03  -4.9685182431E-04
   32     -4.0448502746E-03  -1.0669710087E-03  -1.2759869209E-03  -2.8771933479E-03   9.7609068125E-05
   33      4.4028332087E-03  -7.9610117193E-04  -1.3127737832E-03   4.3839351705E-04  -5.4669677055E-04
   34     -6.8434948866E-02  -6.4158867960E-04  -8.2828051953E-04   2.9445784784E-04  -3.9026146822E-04
   35      3.9766451793E-02   2.0908564671E-04   4.0097589202E-04   5.4660018623E-06   9.0635637939E-05
   36      2.0908564671E-04   1.0944090115E+00   1.2195066962E-01  -1.7400135938E-01  -9.1217736603E-02
   37      4.0097589202E-04   1.2195066962E-01   1.8330270053E-01  -5.1482662539E-02   1.9270509553E-02
   38      5.4660018623E-06  -1.7400135938E-01  -5.1482662539E-02   7.1287986326E-02   1.0794686448E-02
   39      9.0635637939E-05  -9.1217736603E-02   1.9270509553E-02   1.0794686448E-02   9.5828092588E-01
   40     -2.0493256206E-05   2.2707387884E-02   2.8717386793E-02  -5.3212611324E-03   2.4322220778E-02
   41      1.2504407448E-05   9.7901168399E-03  -4.8741690135E-03   1.9142196693E-02  -1.3429173216E-01
                   40                 41        
     0     -1.4290981798E-04  -1.7970031016E-04
     1      1.0243018051E-04  -1.1603069060E-04
     2     -2.6284451863E-04  -1.0564467881E-03
     3     -5.7857557090E-04   4.8918648559E-04
     4     -4.1554857217E-04   4.7359719405E-04
     5      2.9720434102E-04   3.2511985536E-04
     6      2.8662713664E-04  -3.9286436025E-04
     7     -1.2954719033E-04  -5.6758595288E-05
     8      8.0997631999E-07  -5.0481448359E-06
     9     -2.0273674099E-03  -2.2824604675E-03
    10      1.6676181221E-03   8.0409064656E-04
    11      1.6029370505E-03   7.4320864739E-03
    12      1.9104534844E-03   3.3156368757E-04
    13      9.2450280391E-04  -2.7904789617E-04
    14     -5.8614759949E-04  -4.4283192612E-04
    15     -4.3320914985E-04   2.8018297834E-04
    16     -4.9583241843E-05   9.8873576098E-05
    17     -8.4772924893E-05  -6.5932603750E-04
    18      1.5534125718E-04  -5.4582813949E-05
    19     -1.4858193230E-05   8.2174367259E-05
    20      7.0613948384E-05   3.6618402124E-04
    21     -4.6175262006E-02   1.2566334259E-01
    22     -6.5133385627E-02   7.3695422997E-03
    23      8.2886258094E-03  -7.6599711872E-02
    24     -5.7842012068E-05   6.4573264872E-05
    25     -2.1248706978E-05   5.0054013208E-05
    26      2.9169026163E-06  -3.8742916088E-05
    27      5.5941037557E-06   4.2632057610E-04
    28      1.2189010724E-05   3.3522523970E-04
    29      4.0631196976E-05  -2.1327182793E-05
    30     -1.6457888794E-05   5.6936992431E-05
    31     -1.3341834763E-04   2.3443904989E-04
    32      1.5430890721E-04   4.9580604646E-04
    33      4.8528163792E-05   6.7097719899E-05
    34      7.2686935545E-05   4.6191201397E-05
    35     -2.0493256206E-05   1.2504407448E-05
    36      2.2707387884E-02   9.7901168399E-03
    37      2.8717386793E-02  -4.8741690135E-03
    38     -5.3212611324E-03   1.9142196693E-02
    39      2.4322220778E-02  -1.3429173216E-01
    40      3.4430939034E-02  -4.1887786599E-03
    41     -4.1887786599E-03   5.0971294618E-02

$vibrational_frequencies
42
    0        0.000000
    1        0.000000
    2        0.000000
    3        0.000000
    4        0.000000
    5        0.000000
    6       51.329724
    7       88.042580
    8      136.316403
    9      266.586820
   10      330.846927
   11      347.216969
   12      418.010409
   13      430.216270
   14      496.199952
   15      564.811203
   16      571.953064
   17      646.257077
   18      676.758228
   19      697.741088
   20      800.349469
   21      818.321983
   22      834.786832
   23      943.159328
   24      963.798366
   25     1035.238909
   26     1094.849603
   27     1129.162703
   28     1146.562120
   29     1198.711483
   30     1319.243336
   31     1330.803157
   32     1432.797594
   33     1470.278251
   34     1535.199587
   35     1602.592438
   36     1624.077816
   37     2326.502343
   38     3179.791378
   39     3192.819450
   40     3200.960277
   41     3205.532284

$normal_modes
42 42
                    0                  1                  2                  3                  4        
    0      0.0000000000E+00   0.0000000000E+00   0.0000000000E+00   0.0000000000E+00   0.0000000000E+00
    1      0.0000000000E+00   0.0000000000E+00   0.0000000000E+00   0.0000000000E+00   0.0000000000E+00
    2      0.0000000000E+00   0.0000000000E+00   0.0000000000E+00   0.0000000000E+00   0.0000000000E+00
    3      0.0000000000E+00   0.0000000000E+00   0.0000000000E+00   0.0000000000E+00   0.0000000000E+00
    4      0.0000000000E+00   0.0000000000E+00   0.0000000000E+00   0.0000000000E+00   0.0000000000E+00
    5      0.0000000000E+00   0.0000000000E+00   0.0000000000E+00   0.0000000000E+00   0.0000000000E+00
    6      0.0000000000E+00   0.0000000000E+00   0.0000000000E+00   0.0000000000E+00   0.0000000000E+00
    7      0.0000000000E+00   0.0000000000E+00   0.0000000000E+00   0.0000000000E+00   0.0000000000E+00
    8      0.0000000000E+00   0.0000000000E+00   0.0000000000E+00   0.0000000000E+00   0.0000000000E+00
