
$orca_hessian_file

$act_atom
  0

$act_coord
  0

$act_energy
     -604.062424

$hessian
48
                    0                  1                  2                  3                  4        
    0      7.5339888633E-01  -3.1763011207E-05   5.3466359907E-02  -2.1564394869E-01  -1.3860178492E-01
    1     -3.1763011207E-05   6.6458222027E-01  -4.9818367786E-03  -7.9909081109E-02  -2.6252778984E-01
    2      5.3466359907E-02  -4.9818367786E-03   1.3566321745E-01  -1.2892760648E-02  -1.0030932153E-02
    3     -2.1564394869E-01  -7.9909081109E-02  -1.2892760648E-02   6.4005799437E-01  -1.0543540462E-02
    4     -1.3860178492E-01  -2.6252778984E-01  -1.0030932153E-02  -1.0543540462E-02   7.5154624719E-01
    5     -1.2306049277E-02  -5.0043725907E-03  -5.8661710119E-02   4.4097754673E-02  -6.5788647996E-03
    6     -1.6026250976E-01   5.9024011090E-02  -9.3488586467E-03   4.8212448968E-02  -7.3705588702E-04
    7      1.0931754181E-01  -2.7498239159E-01   1.1410394120E-02  -4.4997096480E-02  -5.7151960316E-02
    8     -9.7319232080E-03   7.2744387742E-03  -6.0726592261E-02   4.1033295137E-03   5.0875895729E-04
    9     -4.1951887743E-02  -6.0543165424E-02  -3.4601901039E-03  -2.7881008217E-01   6.4714029479E-02
   10     -2.1672010313E-02   3.7024110248E-02  -2.0212295264E-03   2.4440595166E-02  -1.2589856896E-01
   11     -3.7770697051E-03  -5.5601017315E-03   4.0681419730E-03  -1.8778037235E-02   6.2749087965E-03
   12     -9.2546504565E-04  -1.0839212320E-02   3.0793803931E-04  -8.9488061312E-03   3.7986624077E-02
   13     -6.9408704823E-03  -5.4993851115E-02  -1.0131154769E-04   6.8958993228E-02   1.2211271596E-02
   14      2.5776692981E-04  -4.5313002571E-04  -2.9911045063E-03  -1.9938033357E-03   3.1903536088E-03
   15     -1.0383896111E-02   7.1105815774E-02  -2.1742257326E-03  -4.9223049621E-02  -2.0360451805E-02
   16      3.5231956319E-02   1.0605222153E-02   2.9490561113E-03  -1.6501990980E-02  -6.2835671103E-03
   17     -1.7802589010E-03   6.0204621078E-03   6.6735896932E-03  -3.7731056453E-03  -1.7056203433E-03
   18      1.0400598055E-02  -2.0728586447E-02   8.1904192045E-04  -9.1782880092E-02   9.2952141012E-02
   19      9.4084675239E-03  -1.7512534043E-02   9.5984878295E-04   9.4311198467E-02  -3.0807837634E-01
   20      5.0423783191E-04  -1.6027827343E-03   3.3918142986E-03  -5.5914557031E-03   1.0293143907E-02
   21     -2.9738202721E-03   7.9020132127E-03  -9.1110267683E-04  -4.1398911836E-02  -3.4786522691E-02
   22      4.2606695666E-03   7.9872880604E-03   2.5484146100E-04  -2.7778527770E-02  -2.3466133181E-03
   23     -8.0634497007E-04   6.0576336966E-04   5.9109232565E-03  -3.4260589173E-03  -2.9580629004E-03
   24     -3.3591328901E-01   4.5646187726E-02  -2.5943786848E-02  -1.2472901496E-02   3.9284325873E-03
   25      4.4723987951E-02  -6.2979639055E-02   4.0410703971E-03  -2.4796791530E-02   7.6229718605E-03
   26     -2.5968052407E-02   4.0883602112E-03  -3.9608479710E-02  -1.2098446794E-03   2.9138417572E-04
   27      1.5978158950E-02  -1.8192223087E-02   1.7575192106E-03   5.7974385976E-03   9.5941736452E-03
   28     -2.2449025653E-02  -4.1397342944E-02  -1.5055538835E-03   1.0391101562E-02  -1.5223338514E-03
   29      1.7574207122E-03  -1.1081628867E-03  -2.1854504153E-03  -4.4337798541E-04   8.6618618373E-04
   30      6.2084668047E-04  -3.4941533195E-04   2.0184899147E-04   1.2411233987E-03   1.7344138631E-03
   31     -4.4487750631E-04  -9.8119814464E-04  -4.8467471108E-05   1.0111912872E-03  -5.4798365446E-03
   32      1.9278711143E-04  -3.8912752375E-05  -1.0195518069E-03  -4.8832353569E-04   2.1920555446E-04
   33     -6.1501118646E-03  -5.3890145046E-04  -9.5944417466E-04  -6.3803287105E-04  -6.4365131675E-04
   34      4.9797410192E-05   1.3897375046E-03   6.0869374661E-06  -6.4979059023E-04   4.0538107973E-04
   35     -9.8392803751E-04   3.1462587912E-05   5.1744364071E-03   6.4597644370E-05  -8.0166623111E-05
   36     -1.7453267526E-03  -2.4265850547E-03  -1.3236311824E-04   6.7013834127E-03   1.1870234897E-03
   37     -1.5442694791E-03  -4.3003539712E-03  -4.4682280259E-05   1.1912484503E-02   5.9782211293E-03
   38     -2.0081521370E-04  -1.2827397263E-04   4.7637994392E-04   2.5859397482E-04   1.5236545970E-05
   39      4.1533740076E-04   1.2505160825E-03   1.1372460090E-04  -1.1697209719E-03  -2.5712004866E-03
   40     -1.7512334815E-04   2.0976479105E-03  -9.5368944338E-06  -2.6352376645E-03  -6.3711880821E-03
   41      1.1794590378E-04   4.7006249203E-05  -6.3092318935E-04  -6.1718214363E-05  -1.1082387431E-04
   42     -1.5005719594E-03   9.5142137932E-03  -2.5675004962E-04  -2.8168946316E-03  -2.0525261851E-03
   43     -2.8048042923E-03  -8.1225281677E-03  -1.3557117937E-04  -2.5458103148E-04   2.2148184172E-03
   44     -1.9443593535E-04   7.5621077859E-04   1.0685758280E-03  -1.7660567316E-04  -2.0051182484E-04
   45     -3.3465107154E-03  -1.0220416458E-03  -5.8352164199E-04   9.2518368161E-04  -1.6815530070E-03
   46     -8.5731729573E-03   3.1784167679E-03  -7.5602976751E-04  -2.6169199061E-03  -3.8889591081E-03
   47     -5.6091348157E-04  -5.7722537427E-05   3.4013561918E-03   1.7714436129E-04  -1.6853769982E-04
                    5                  6                  7                  8                  9        
    0     -1.2306049277E-02  -1.6026250976E-01   1.0931754181E-01  -9.7319232080E-03  -4.1951887743E-02
    1     -5.0043725907E-03   5.9024011090E-02  -2.7498239159E-01   7.2744387742E-03  -6.0543165424E-02
    2     -5.8661710119E-02  -9.3488586467E-03   1.1410394120E-02  -6.0726592261E-02  -3.4601901039E-03
    3      4.4097754673E-02   4.8212448968E-02  -4.4997096480E-02   4.1033295137E-03  -2.7881008217E-01
    4     -6.5788647996E-03  -7.3705588702E-04  -5.7151960316E-02   5.0875895729E-04   6.4714029479E-02
    5      1.2941601041E-01   3.7532788567E-03  -3.2492995444E-03   4.5176360197E-03  -1.9366400160E-02
    6      3.7532788567E-03   6.5855457740E-01  -1.0591945295E-01   4.5638282472E-02  -3.1251530928E-02
    7     -3.2492995444E-03  -1.0591945295E-01   6.1977119487E-01  -1.3405128589E-02   3.2173368654E-02
    8      4.5176360197E-03   4.5638282472E-02  -1.3405128589E-02   1.3918702510E-01  -2.4698479203E-03
    9     -1.9366400160E-02  -3.1251530928E-02   3.2173368654E-02  -2.4698479203E-03   6.2735311076E-01
   10      2.7870675178E-03   3.2165437659E-02  -1.8529614750E-02   2.7675988577E-03   2.0556458144E-02
   11     -6.1404689931E-02  -2.4413589521E-03   2.7519347385E-03  -4.7013256776E-03   4.2540417247E-02
   12     -1.7312632768E-03  -4.4192873381E-02  -1.9168230540E-02  -3.9694876073E-03  -1.4825651789E-01
   13      5.8427268547E-03  -6.3429543454E-02   3.5714879209E-02  -5.6059004435E-03   5.0511375148E-02
   14      6.9079045422E-03  -3.5856940012E-03  -1.8537269301E-03   3.8705217294E-03  -8.2560146714E-03
   15     -3.7347614140E-03  -3.0139682327E-01   3.0732611444E-02  -2.0959780297E-02   4.9457674530E-02
   16     -1.3749530585E-03   8.1126339259E-02  -1.3294444377E-01   7.6469993775E-03  -3.3790787174E-03
   17     -3.3054536482E-03  -2.1523819805E-02   3.3851263879E-03  -6.1717788080E-02   3.8294589200E-03
   18     -5.5485495091E-03  -2.2779141237E-03  -2.8821111323E-03  -8.3529022278E-04  -7.1199364161E-03
   19      1.0462461235E-02  -3.8385430580E-03  -9.2298929918E-04  -2.4720728687E-04  -1.9440450172E-03
   20     -3.6469728563E-02  -9.0213901395E-04  -1.0705510542E-04   7.7624144181E-03  -7.8373923870E-04
   21     -3.3991194559E-03  -5.1258074820E-03  -4.6872393429E-03  -2.4891177323E-04  -1.4646956240E-01
   22     -2.3703263644E-03  -4.5564993439E-03  -6.8900353397E-03  -3.2916958253E-04  -1.1510129436E-01
   23      2.0317236400E-03  -2.4444124762E-04  -3.2144061839E-04  -1.5472994386E-03  -9.0041564739E-03
   24     -1.4453481409E-03  -7.1459518500E-03   1.8954302202E-03  -9.5899601671E-04   5.5906607843E-04
   25     -2.1670022688E-03   2.8445132589E-02   1.4007076237E-03   2.4445895727E-03  -2.8838497315E-03
   26      3.9882333789E-03  -1.2953162216E-03   1.9559491082E-04   3.8573172467E-03  -6.7596152673E-04
   27     -3.7414370572E-04  -1.0498979466E-01   1.2650977034E-03  -2.1396544108E-03  -6.2532019548E-03
   28      9.3762396263E-04   1.3293990367E-03  -1.0467001266E-01   2.3771946737E-04  -1.6244830479E-03
   29      8.9470049487E-03  -2.0461454429E-03   3.8134460546E-04  -8.0870256673E-02  -2.9464708327E-04
   30     -4.1916822665E-04   3.6632916086E-04  -3.3155610375E-03  -6.5238206550E-04  -5.6400164334E-03
   31      1.9238993022E-04  -2.2648744017E-03  -3.7247662607E-03  -8.4313315178E-05   2.9308392876E-02
   32      5.8521271223E-03  -7.1653430322E-04  -1.4823422885E-04   7.7823870399E-03  -1.0191920777E-03
   33      6.6802561408E-05  -4.7333717937E-03   2.8962067253E-02  -9.9384099951E-04  -2.0181741707E-03
   34     -7.4965204311E-05   2.3838903397E-03  -1.0495761089E-03   1.9855698652E-04  -2.8923681446E-03
   35     -1.3010519054E-03  -6.3224810381E-04   2.5410097010E-03   3.8949452915E-03  -8.6793940897E-04
   36      4.2233843576E-04   5.4731232261E-03   5.9250107188E-03   3.9063090959E-04  -2.3206184062E-02
   37      9.8268720185E-04   5.7980915539E-03   7.7536316372E-03   4.1678906008E-04  -1.1136372913E-02
   38      1.6911396089E-03   3.4482350740E-04   3.7194408319E-04   1.3355367097E-04  -7.6354007228E-04
   39     -7.2074785216E-05  -3.4585007859E-03  -4.2006638510E-03  -2.7135920173E-04   1.1266115478E-02
   40     -1.4529668336E-04  -4.1445823377E-03  -5.0735855652E-03  -3.1830919456E-04   1.0433792514E-03
   41      9.5674187605E-05  -2.2587186569E-04  -2.7060687584E-04   3.6952524712E-05   2.3033792564E-04
   42     -1.5906572705E-04  -6.7720633578E-02  -1.5475715065E-02  -7.0005207441E-03   1.8934157394E-03
   43     -5.0001258953E-05  -2.7042677224E-02   1.5050814355E-02  -2.1472553923E-03  -1.5706702608E-03
   44     -8.7756929908E-04  -6.8837848896E-03  -1.1608161271E-03   1.9024170150E-02   1.5431947605E-04
   45      2.1686225394E-04   1.9972665258E-02  -9.6363737938E-03   1.0169568548E-04   3.5672593543E-04
   46     -1.6440156225E-04   2.0310425240E-03  -7.3393487692E-02   6.7160829361E-04   2.8843748165E-03
   47     -1.4492278122E-03   7.3818304928E-05  -2.3621402282E-04   1.9507576505E-02   4.6413236472E-06
                   10                 11                 12                 13                 14        
    0     -2.1672010313E-02  -3.7770697051E-03  -9.2546504565E-04  -6.9408704823E-03   2.5776692981E-04
    1      3.7024110248E-02  -5.5601017315E-03  -1.0839212320E-02  -5.4993851115E-02  -4.5313002571E-04
    2     -2.0212295264E-03   4.0681419730E-03   3.0793803931E-04  -1.0131154769E-04  -2.9911045063E-03
    3      2.4440595166E-02  -1.8778037235E-02  -8.9488061312E-03   6.8958993228E-02  -1.9938033357E-03
    4     -1.2589856896E-01   6.2749087965E-03   3.7986624077E-02   1.2211271596E-02   3.1903536088E-03
    5      2.7870675178E-03  -6.1404689931E-02  -1.7312632768E-03   5.8427268547E-03   6.9079045422E-03
    6      3.2165437659E-02  -2.4413589521E-03  -4.4192873381E-02  -6.3429543454E-02  -3.5856940012E-03
    7     -1.8529614750E-02   2.7519347385E-03  -1.9168230540E-02   3.5714879209E-02  -1.8537269301E-03
    8      2.7675988577E-03  -4.7013256776E-03  -3.9694876073E-03  -5.6059004435E-03   3.8705217294E-03
    9      2.0556458144E-02   4.2540417247E-02  -1.4825651789E-01   5.0511375148E-02  -8.2560146714E-03
   10      6.3817620919E-01  -3.5190630512E-03   9.0618154180E-02  -2.5709038327E-01   9.7316984589E-03
   11     -3.5190630512E-03   1.3013844348E-01  -8.7245171603E-03   6.1905865410E-03  -6.0520420374E-02
   12      9.0618154180E-02  -8.7245171603E-03   7.4641440244E-01   1.0885737116E-02   5.3432573998E-02
   13     -2.5709038327E-01   6.1905865410E-03   1.0885737116E-02   6.4410302894E-01  -3.9137269626E-03
   14      9.7316984589E-03  -6.0520420374E-02   5.3432573998E-02  -3.9137269626E-03   1.3021463153E-01
   15     -4.2290450755E-02   4.2680104058E-03  -2.1698188640E-01  -8.0207650982E-02  -1.3068409685E-02
   16     -5.4961648291E-02   3.3606918463E-04  -1.3891711493E-01  -2.6120740284E-01  -1.0170970743E-02
   17     -2.9932328108E-03   4.6883782856E-03  -1.2483651588E-02  -5.1669865640E-03  -5.8637481044E-02
   18      2.9032792812E-02  -1.1085855551E-03  -5.7218453135E-03  -6.0858505628E-04  -9.8063158599E-04
   19     -2.5277095942E-04  -1.1244932731E-04   3.8673032875E-04   1.4306896861E-03   5.9704138618E-05
   20      2.5212382651E-03   2.6972327305E-03  -9.8397926365E-04   4.8169498243E-05   5.8174244584E-03
   21     -1.1580649599E-01  -9.3218260837E-03   8.0127222304E-03  -1.8162965397E-02   6.8133672036E-04
   22     -1.9353092703E-01  -8.3063986452E-03  -2.5034152247E-02  -5.2343566045E-02  -1.5949786047E-03
   23     -8.0115813578E-03  -2.7015116619E-02   7.3158308087E-04  -9.6758902181E-04   2.3877826045E-03
   24     -2.3840305415E-03  -6.9727015974E-04   5.9852171175E-04  -3.9518993312E-04   1.8976434097E-04
   25     -3.3098768705E-03  -1.3519519444E-04  -4.5443380785E-04  -8.8539114786E-04  -4.5894591255E-05
   26     -5.3929700219E-05   8.0469923844E-03   1.9663035432E-04  -3.9402792961E-05  -1.2819802274E-03
   27     -1.5609879412E-03  -3.4256662297E-04  -4.9378701132E-03   8.2282283364E-03  -1.2175337715E-03
   28     -6.9463173337E-03  -2.1024129714E-05   7.3969426742E-03   9.3067218704E-03   5.9933479757E-04
   29     -6.6950118151E-05  -1.9431834496E-03  -1.3004941496E-03   6.2027580550E-04   8.8784524611E-03
   30     -1.6557382055E-03  -7.2156267509E-04  -3.3384627376E-01   4.5700634327E-02  -2.5997541243E-02
   31     -1.6864700558E-03   2.5454331594E-03   4.4231228604E-02  -6.4557447272E-02   4.0531050830E-03
   32     -9.5001700962E-05   2.6932572832E-03  -2.5948676446E-02   4.1307386912E-03  -3.8201077556E-02
   33     -3.4303766823E-03  -8.6328605742E-04   1.0776777776E-02  -2.0178982007E-02   7.5632011765E-04
   34     -6.6043450500E-04  -9.4613668900E-05   8.4627563251E-03  -1.5817787985E-02   8.9919656114E-04
   35     -1.6265926469E-04   8.0351511981E-03   4.6037079403E-04  -1.5941193240E-03   4.1503217560E-03
   36     -1.0265524649E-02  -4.1230554149E-04   3.7661177066E-03   1.1571532965E-02   7.6621486892E-05
   37     -2.6339731475E-02  -3.5183062219E-04   7.8514617474E-04   9.2231002774E-03  -8.6234567189E-06
   38     -7.2414470706E-04  -1.2608072501E-02   1.3781648103E-04   8.5519909121E-04   1.6630018120E-03
   39      9.1143521130E-04   2.1994891733E-04  -5.3501545993E-03  -3.5189222938E-03  -4.3331667319E-04
   40      1.1270983310E-02  -5.1740770351E-05  -3.5007052872E-03  -2.3751859204E-03  -2.8235324381E-04
   41     -5.7496511610E-05   7.5332945075E-03  -3.8942792715E-04  -2.4840459180E-04   5.9845647227E-05
   42      3.1456356301E-03   1.2280241045E-04  -2.7008994018E-03  -3.3174267594E-03  -1.1475242350E-04
   43      6.9547186160E-04  -1.4999969416E-04  -2.4410079110E-03  -2.3092853839E-04  -2.2121267979E-04
   44      2.6322012185E-04   1.4232268528E-04  -8.1127398867E-05  -3.3869970168E-04  -1.4742284266E-03
   45     -1.9245366506E-03   3.1182172186E-05   2.2821309503E-03   8.0901542386E-04   2.5423682574E-04
   46      2.1589748699E-03   2.1003914943E-04  -8.0809749594E-04  -3.0605115649E-03  -1.6692278474E-05
   47     -1.4943409384E-04   1.3418245736E-04   2.5104700370E-04   2.0389740969E-05  -8.5316712966E-04
                   15                 16                 17                 18                 19        
    0     -1.0383896111E-02   3.5231956319E-02  -1.7802589010E-03   1.0400598055E-02   9.4084675239E-03
    1      7.1105815774E-02   1.0605222153E-02   6.0204621078E-03  -2.0728586447E-02  -1.7512534043E-02
    2     -2.1742257326E-03   2.9490561113E-03   6.6735896932E-03   8.1904192045E-04   9.5984878295E-04
    3     -4.9223049621E-02  -1.6501990980E-02  -3.7731056453E-03  -9.1782880092E-02   9.4311198467E-02
    4     -2.0360451805E-02  -6.2835671103E-03  -1.7056203433E-03   9.2952141012E-02  -3.0807837634E-01
    5     -3.7347614140E-03  -1.3749530585E-03  -3.3054536482E-03  -5.5485495091E-03   1.0462461235E-02
    6     -3.0139682327E-01   8.1126339259E-02  -2.1523819805E-02  -2.2779141237E-03  -3.8385430580E-03
    7      3.0732611444E-02  -1.3294444377E-01   3.3851263879E-03  -2.8821111323E-03  -9.2298929918E-04
    8     -2.0959780297E-02   7.6469993775E-03  -6.1717788080E-02  -8.3529022278E-04  -2.4720728687E-04
    9      4.9457674530E-02  -3.3790787174E-03   3.8294589200E-03  -7.1199364161E-03  -1.9440450172E-03
   10     -4.2290450755E-02  -5.4961648291E-02  -2.9932328108E-03   2.9032792812E-02  -2.5277095942E-04
   11      4.2680104058E-03   3.3606918463E-04   4.6883782856E-03  -1.1085855551E-03  -1.1244932731E-04
   12     -2.1698188640E-01  -1.3891711493E-01  -1.2483651588E-02  -5.7218453135E-03   3.8673032875E-04
   13     -8.0207650982E-02  -2.6120740284E-01  -5.1669865640E-03  -6.0858505628E-04   1.4306896861E-03
   14     -1.3068409685E-02  -1.0170970743E-02  -5.8637481044E-02  -9.8063158599E-04   5.9704138618E-05
   15      6.6406086766E-01  -1.7748985006E-02   4.5850929859E-02  -7.3031234079E-04  -6.2716030220E-04
   16     -1.7748985006E-02   7.5534139968E-01  -7.0219699076E-03  -6.2286754140E-04   4.7851103820E-04
   17      4.5850929859E-02  -7.0219699076E-03   1.3515040310E-01   3.5950682396E-05  -7.1708743790E-05
   18     -7.3031234079E-04  -6.2286754140E-04   3.5950682396E-05   9.5275718359E-02  -9.8377521162E-02
   19     -6.2716030220E-04   4.7851103820E-04  -7.1708743790E-05  -9.8377521162E-02   3.2410093983E-01
   20      1.8301930481E-05  -1.0783130049E-04  -1.0403986260E-03   6.8110680131E-03  -1.1024655954E-02
   21      5.3558868123E-03   6.0303660484E-03  -1.3289807677E-04   1.3869920966E-03  -5.7276992064E-04
   22      9.5200698036E-03  -1.0653467332E-04   8.4224042917E-04   1.3926370538E-03   6.4373980313E-04
   23     -1.9567258780E-04   5.5702308672E-04   5.9637494637E-03   3.5347965323E-04  -6.1706238816E-05
   24      1.2187871963E-03   1.5276880809E-03  -3.6084475454E-04   8.2838798077E-04   3.1371299391E-04
   25      1.0638185111E-03  -5.9900341128E-03   1.8734153883E-04   4.1284536628E-04   9.8549149784E-04
   26     -4.1685402931E-04   1.9682853638E-04   5.2175753612E-03   4.6740702539E-04  -4.3097436130E-05
   27     -3.1164215908E-02  -3.1843495177E-02  -2.1457904221E-03   1.0703302822E-03   1.2623546846E-03
   28     -2.7615756398E-02   6.0143546389E-03  -2.4211382129E-03  -8.5175846636E-04  -2.8314441481E-04
   29     -2.2601470715E-03  -2.8721233028E-03  -2.4716304753E-03   1.8766309673E-05   1.5160206979E-04
   30     -1.4160644150E-02   4.6018144529E-03  -1.5158888988E-03  -3.0659854149E-04  -4.4932796744E-05
   31     -2.5547701954E-02   7.2904706848E-03  -2.2415205809E-03   1.5289926430E-03   5.3086291574E-05
   32     -1.2787047151E-03   3.6402899572E-04   3.1950704192E-03  -6.1657471782E-05  -1.8966310797E-05
   33     -9.0310108669E-02   9.3973078149E-02  -5.2776890408E-03   7.3834274813E-05   4.0528304763E-05
   34      9.4817482034E-02  -3.1026555036E-01   1.0469535473E-02   2.2625438925E-05   1.6738907200E-06
   35     -5.2969038584E-03   1.0356798399E-02  -3.7965183350E-02   8.0668916348E-05  -1.5202984725E-05
   36     -3.5141660096E-03  -1.9599322517E-03  -3.0229339389E-04  -9.0998063806E-04   2.3518647619E-04
   37     -2.7591100905E-03  -2.6730469523E-03  -2.0165923088E-04  -9.8872796840E-04   3.6393083831E-04
   38     -2.7220560780E-04  -1.4904469502E-04   4.7035937779E-04  -4.8551985171E-05   2.6470673218E-05
   39      1.8640663487E-03   2.4051302968E-05   2.0346433109E-04   2.9824738721E-04  -4.6348960994E-06
   40      1.5419964510E-03   5.7726511845E-04   1.1554979800E-04   4.1976631300E-04  -1.0404710368E-04
   41      1.6511278040E-04   1.7007708389E-05  -6.2100765116E-04   8.9218282704E-07  -3.1170796816E-06
   42      4.7406084146E-03  -6.9042667585E-03   1.6608733021E-04  -1.8787073687E-04  -2.7157618338E-04
   43      2.1283231637E-04  -4.9549959864E-03   1.1634720919E-04   5.1363142003E-05  -2.5062092126E-05
   44      3.3976835038E-05  -4.5197155646E-04   3.4623356400E-03  -1.9355905612E-05  -1.5606212797E-05
   45     -8.8813220417E-03  -4.4923109400E-03  -7.9540871509E-04  -2.8447779195E-04  -2.9758166302E-04
   46      7.9534549666E-03  -4.7869198975E-04   6.6468395517E-04  -7.7720820807E-04  -7.3248743262E-04
   47     -8.2637720224E-04  -3.7478092949E-04   9.2567615421E-04   1.9439471938E-05  -2.2286814692E-05
                   20                 21                 22                 23                 24        
    0      5.0423783191E-04  -2.9738202721E-03   4.2606695666E-03  -8.0634497007E-04  -3.3591328901E-01
    1     -1.6027827343E-03   7.9020132127E-03   7.9872880604E-03   6.0576336966E-04   4.5646187726E-02
    2      3.3918142986E-03  -9.1110267683E-04   2.5484146100E-04   5.9109232565E-03  -2.5943786848E-02
    3     -5.5914557031E-03  -4.1398911836E-02  -2.7778527770E-02  -3.4260589173E-03  -1.2472901496E-02
    4      1.0293143907E-02  -3.4786522691E-02  -2.3466133181E-03  -2.9580629004E-03   3.9284325873E-03
    5     -3.6469728563E-02  -3.3991194559E-03  -2.3703263644E-03   2.0317236400E-03  -1.4453481409E-03
    6     -9.0213901395E-04  -5.1258074820E-03  -4.5564993439E-03  -2.4444124762E-04  -7.1459518500E-03
    7     -1.0705510542E-04  -4.6872393429E-03  -6.8900353397E-03  -3.2144061839E-04   1.8954302202E-03
    8      7.7624144181E-03  -2.4891177323E-04  -3.2916958253E-04  -1.5472994386E-03  -9.5899601671E-04
    9     -7.8373923870E-04  -1.4646956240E-01  -1.1510129436E-01  -9.0041564739E-03   5.5906607843E-04
   10      2.5212382651E-03  -1.1580649599E-01  -1.9353092703E-01  -8.0115813578E-03  -2.3840305415E-03
   11      2.6972327305E-03  -9.3218260837E-03  -8.3063986452E-03  -2.7015116619E-02  -6.9727015974E-04
   12     -9.8397926365E-04   8.0127222304E-03  -2.5034152247E-02   7.3158308087E-04   5.9852171175E-04
   13      4.8169498243E-05  -1.8162965397E-02  -5.2343566045E-02  -9.6758902181E-04  -3.9518993312E-04
   14      5.8174244584E-03   6.8133672036E-04  -1.5949786047E-03   2.3877826045E-03   1.8976434097E-04
   15      1.8301930481E-05   5.3558868123E-03   9.5200698036E-03  -1.9567258780E-04   1.2187871963E-03
   16     -1.0783130049E-04   6.0303660484E-03  -1.0653467332E-04   5.5702308672E-04   1.5276880809E-03
   17     -1.0403986260E-03  -1.3289807677E-04   8.4224042917E-04   5.9637494637E-03  -3.6084475454E-04
   18      6.8110680131E-03   1.3869920966E-03   1.3926370538E-03   3.5347965323E-04   8.2838798077E-04
   19     -1.1024655954E-02  -5.7276992064E-04   6.4373980313E-04  -6.1706238816E-05   3.1371299391E-04
   20      2.5673959267E-02   4.0087077636E-04   7.5206028492E-05  -3.1618748526E-03   5.0622844514E-04
   21      4.0087077636E-04   6.6418288883E-01   7.2671512917E-01   4.1851033782E-02  -5.2114991666E-04
   22      7.5206028492E-05   7.2671512917E-01   9.3829264950E-01   4.7889958946E-02  -6.8211554030E-05
   23     -3.1618748526E-03   4.1851033782E-02   4.7889958946E-02   3.7353771970E-02  -4.6973236617E-05
   24      5.0622844514E-04  -5.2114991666E-04  -6.8211554030E-05  -4.6973236617E-05   3.5591925690E-01
   25     -2.1272262294E-05  -1.0484209912E-03   2.0095097188E-04  -9.1211881678E-05  -4.5934369082E-02
   26     -4.5720166951E-03  -1.6388672260E-05   2.8855102390E-05   1.8969191696E-04   2.8758461050E-02
   27      5.6228780956E-05   3.8034387693E-03   4.9275139271E-03   3.8881650725E-04  -3.0077057251E-03
   28     -9.0959607231E-05   5.1813206217E-03   5.8661597400E-03   3.7646069530E-04   5.6662535544E-05
   29      8.2782983601E-04   4.1012625244E-04   3.7766947843E-04  -1.2711411506E-03   1.5112165779E-04
   30     -3.0815700852E-05   4.0122861497E-04  -7.3481302803E-04   3.3805249469E-04  -8.3907037181E-06
   31      1.2952402319E-04   1.0245393024E-03   1.5445502551E-03   2.2999104141E-05  -8.2687055841E-05
   32      3.2018023964E-04   3.1422574572E-04  -7.8457556746E-05  -3.1501655689E-03   1.1180188503E-04
   33      8.2343824658E-05   3.9805096215E-04  -8.2517641739E-04   2.2528456091E-05  -2.3901378305E-04
   34     -2.4973911151E-05   1.0672226477E-04  -7.0623672855E-04   3.0239576343E-05  -4.5374145756E-05
   35     -8.2127128452E-04   6.2266867601E-06  -8.0354983103E-05   1.8602814116E-04  -7.5912510683E-05
   36     -6.9101385991E-05  -4.7243734779E-01  -5.4144829504E-01  -2.8548093453E-02  -4.3210807722E-05
   37     -8.9438539170E-05  -5.4057297686E-01  -6.7351909515E-01  -3.5362501424E-02   1.2172717066E-04
   38     -1.5129232351E-04  -2.8205802273E-02  -3.5006696342E-02  -2.9514143153E-02   1.6601086679E-05
   39     -3.6402284700E-06  -1.2760520473E-02  -2.8145122130E-02  -1.2745168849E-03  -9.4384936958E-05
   40      2.8774690774E-05  -2.8120504674E-02  -2.1882276322E-02  -1.4884728590E-03  -1.7313746985E-04
   41      2.2254132352E-04  -1.2400394863E-03  -1.4462138948E-03   1.1256144181E-02  -1.4811344640E-05
   42     -2.4507009604E-05  -2.3622967658E-03  -3.3052740773E-03  -1.6194930994E-04   3.4358701803E-05
   43      5.5806573292E-06  -2.0175379638E-04   1.2273850567E-04  -1.5158604996E-05  -4.5836432097E-03
   44      1.0507912791E-05  -1.8483484035E-04  -2.3860113601E-04   1.8270485552E-04   4.3241094088E-05
   45      1.0879544061E-05   6.6763230068E-04   3.8669876163E-04   3.3141883137E-05   2.5624261719E-04
   46     -3.6036625492E-05  -2.8587045197E-03  -3.0216911560E-03  -1.9570002760E-04   2.0873084138E-04
   47     -5.0004560393E-04   8.2794832072E-05   8.6779355430E-05   2.0242555797E-04   1.2879742488E-05
                   25                 26                 27                 28                 29        
    0      4.4723987951E-02  -2.5968052407E-02   1.5978158950E-02  -2.2449025653E-02   1.7574207122E-03
    1     -6.2979639055E-02   4.0883602112E-03  -1.8192223087E-02  -4.1397342944E-02  -1.1081628867E-03
    2      4.0410703971E-03  -3.9608479710E-02   1.7575192106E-03  -1.5055538835E-03  -2.1854504153E-03
    3     -2.4796791530E-02  -1.2098446794E-03   5.7974385976E-03   1.0391101562E-02  -4.4337798541E-04
    4      7.6229718605E-03   2.9138417572E-04   9.5941736452E-03  -1.5223338514E-03   8.6618618373E-04
    5     -2.1670022688E-03   3.9882333789E-03  -3.7414370572E-04   9.3762396263E-04   8.9470049487E-03
    6      2.8445132589E-02  -1.2953162216E-03  -1.0498979466E-01   1.3293990367E-03  -2.0461454429E-03
    7      1.4007076237E-03   1.9559491082E-04   1.2650977034E-03  -1.0467001266E-01   3.8134460546E-04
    8      2.4445895727E-03   3.8573172467E-03  -2.1396544108E-03   2.3771946737E-04  -8.0870256673E-02
    9     -2.8838497315E-03  -6.7596152673E-04  -6.2532019548E-03  -1.6244830479E-03  -2.9464708327E-04
   10     -3.3098768705E-03  -5.3929700219E-05  -1.5609879412E-03  -6.9463173337E-03  -6.6950118151E-05
   11     -1.3519519444E-04   8.0469923844E-03  -3.4256662297E-04  -2.1024129714E-05  -1.9431834496E-03
   12     -4.5443380785E-04   1.9663035432E-04  -4.9378701132E-03   7.3969426742E-03  -1.3004941496E-03
   13     -8.8539114786E-04  -3.9402792961E-05   8.2282283364E-03   9.3067218704E-03   6.2027580550E-04
   14     -4.5894591255E-05  -1.2819802274E-03  -1.2175337715E-03   5.9933479757E-04   8.8784524611E-03
   15      1.0638185111E-03  -4.1685402931E-04  -3.1164215908E-02  -2.7615756398E-02  -2.2601470715E-03
   16     -5.9900341128E-03   1.9682853638E-04  -3.1843495177E-02   6.0143546389E-03  -2.8721233028E-03
   17      1.8734153883E-04   5.2175753612E-03  -2.1457904221E-03  -2.4211382129E-03  -2.4716304753E-03
   18      4.1284536628E-04   4.6740702539E-04   1.0703302822E-03  -8.5175846636E-04   1.8766309673E-05
   19      9.8549149784E-04  -4.3097436130E-05   1.2623546846E-03  -2.8314441481E-04   1.5160206979E-04
   20     -2.1272262294E-05  -4.5720166951E-03   5.6228780956E-05  -9.0959607231E-05   8.2782983601E-04
   21     -1.0484209912E-03  -1.6388672260E-05   3.8034387693E-03   5.1813206217E-03   4.1012625244E-04
   22      2.0095097188E-04   2.8855102390E-05   4.9275139271E-03   5.8661597400E-03   3.7766947843E-04
   23     -9.1211881678E-05   1.8969191696E-04   3.8881650725E-04   3.7646069530E-04  -1.2711411506E-03
   24     -4.5934369082E-02   2.8758461050E-02  -3.0077057251E-03   5.6662535544E-05   1.5112165779E-04
   25      6.3087635065E-02  -4.2486669598E-03   3.1661089798E-03   2.7085090290E-04   2.0116059846E-04
   26     -4.2486669598E-03   2.8145010576E-02   1.5841478526E-04   1.7622442830E-06  -4.2252631303E-03
   27      3.1661089798E-03   1.5841478526E-04   7.7451600932E-01  -1.3649775605E-01   4.4733637213E-02
   28      2.7085090290E-04   1.7622442830E-06  -1.3649775605E-01   7.2328357459E-01  -1.4088303566E-02
   29      2.0116059846E-04  -4.2252631303E-03   4.4733637213E-02  -1.4088303566E-02   2.3272705389E-01
   30     -2.7534320677E-05   1.0990755686E-04  -3.1334519670E-04   1.0020315100E-03  -8.3165159050E-05
   31      1.0573092463E-04  -2.2443555841E-05  -1.1499960925E-03   1.1170021728E-03  -1.0460464968E-04
   32     -1.7629228937E-05  -8.1629451340E-04  -3.5740400612E-05   1.2603316633E-04   8.2055512683E-04
   33      1.5939877484E-03  -8.7573126833E-05  -4.0949601816E-04   3.6420436979E-03   2.8670186661E-04
   34      9.7454908292E-05  -1.5363882571E-05   6.0468554282E-04  -2.2970281560E-03   9.7616435848E-05
   35      1.4509850249E-04   6.4331420714E-04   2.9734219915E-04   2.6282697074E-04  -4.2204351683E-03
   36      3.4097759724E-05   1.4649829461E-05  -6.0030017003E-03  -7.4601372603E-03  -4.7138659577E-04
   37      1.9684047950E-04  -1.0955404125E-06  -7.2946225372E-03  -8.8913272457E-03  -5.6892028694E-04
   38     -4.4390352413E-06  -2.1417055222E-04  -3.9776214955E-04  -4.9839516054E-04   7.6315303628E-07
   39     -2.3226669711E-04  -1.2783594388E-05   4.8818968542E-03   5.9186324497E-03   3.7178744653E-04
   40     -4.7096667384E-04  -1.7890778320E-05   5.8645123222E-03   7.1433292300E-03   4.5949960120E-04
   41     -1.0005590617E-05   1.0893588361E-05   3.1329356067E-04   3.9224179959E-04   1.2954371240E-04
   42     -3.0181867833E-03  -2.1001553753E-05  -4.7946823435E-01   5.3498607096E-02  -3.2556281485E-02
   43     -1.7275902089E-03  -3.6025202763E-04   4.6278483363E-02  -1.3747290046E-01   4.0062398728E-03
   44     -2.2561495107E-04   2.5227682750E-04  -3.2452088098E-02   4.6553759148E-03  -7.8526482318E-02
   45     -1.0455737970E-03  -4.7253667691E-06  -1.6942113173E-01   1.0821896619E-01  -8.2695282585E-03
   46      1.3482778191E-03   2.9542221819E-06   1.1571288961E-01  -4.4950600915E-01   1.1676032146E-02
   47     -8.9728676475E-05   3.9609115580E-04  -8.4068941067E-03   1.0964549815E-02  -7.6589250025E-02
                   30                 31                 32                 33                 34        
    0      6.2084668047E-04  -4.4487750631E-04   1.9278711143E-04  -6.1501118646E-03   4.9797410192E-05
    1     -3.4941533195E-04  -9.8119814464E-04  -3.8912752375E-05  -5.3890145046E-04   1.3897375046E-03
    2      2.0184899147E-04  -4.8467471108E-05  -1.0195518069E-03  -9.5944417466E-04   6.0869374661E-06
    3      1.2411233987E-03   1.0111912872E-03  -4.8832353569E-04  -6.3803287105E-04  -6.4979059023E-04
    4      1.7344138631E-03  -5.4798365446E-03   2.1920555446E-04  -6.4365131675E-04   4.0538107973E-04
    5     -4.1916822665E-04   1.9238993022E-04   5.8521271223E-03   6.6802561408E-05  -7.4965204311E-05
    6      3.6632916086E-04  -2.2648744017E-03  -7.1653430322E-04  -4.7333717937E-03   2.3838903397E-03
    7     -3.3155610375E-03  -3.7247662607E-03  -1.4823422885E-04   2.8962067253E-02  -1.0495761089E-03
    8     -6.5238206550E-04  -8.4313315178E-05   7.7823870399E-03  -9.9384099951E-04   1.9855698652E-04
    9     -5.6400164334E-03   2.9308392876E-02  -1.0191920777E-03  -2.0181741707E-03  -2.8923681446E-03
   10     -1.6557382055E-03  -1.6864700558E-03  -9.5001700962E-05  -3.4303766823E-03  -6.6043450500E-04
   11     -7.2156267509E-04   2.5454331594E-03   2.6932572832E-03  -8.6328605742E-04  -9.4613668900E-05
   12     -3.3384627376E-01   4.4231228604E-02  -2.5948676446E-02   1.0776777776E-02   8.4627563251E-03
   13      4.5700634327E-02  -6.4557447272E-02   4.1307386912E-03  -2.0178982007E-02  -1.5817787985E-02
   14     -2.5997541243E-02   4.0531050830E-03  -3.8201077556E-02   7.5632011765E-04   8.9919656114E-04
   15     -1.4160644150E-02  -2.5547701954E-02  -1.2787047151E-03  -9.0310108669E-02   9.4817482034E-02
   16      4.6018144529E-03   7.2904706848E-03   3.6402899572E-04   9.3973078149E-02  -3.1026555036E-01
   17     -1.5158888988E-03  -2.2415205809E-03   3.1950704192E-03  -5.2776890408E-03   1.0469535473E-02
   18     -3.0659854149E-04   1.5289926430E-03  -6.1657471782E-05   7.3834274813E-05   2.2625438925E-05
   19     -4.4932796744E-05   5.3086291574E-05  -1.8966310797E-05   4.0528304763E-05   1.6738907200E-06
   20     -3.0815700852E-05   1.2952402319E-04   3.2018023964E-04   8.2343824658E-05  -2.4973911151E-05
   21      4.0122861497E-04   1.0245393024E-03   3.1422574572E-04   3.9805096215E-04   1.0672226477E-04
   22     -7.3481302803E-04   1.5445502551E-03  -7.8457556746E-05  -8.2517641739E-04  -7.0623672855E-04
   23      3.3805249469E-04   2.2999104141E-05  -3.1501655689E-03   2.2528456091E-05   3.0239576343E-05
   24     -8.3907037181E-06  -8.2687055841E-05   1.1180188503E-04  -2.3901378305E-04  -4.5374145756E-05
   25     -2.7534320677E-05   1.0573092463E-04  -1.7629228937E-05   1.5939877484E-03   9.7454908292E-05
   26      1.0990755686E-04  -2.2443555841E-05  -8.1629451340E-04  -8.7573126833E-05  -1.5363882571E-05
   27     -3.1334519670E-04  -1.1499960925E-03  -3.5740400612E-05  -4.0949601816E-04   6.0468554282E-04
   28      1.0020315100E-03   1.1170021728E-03   1.2603316633E-04   3.6420436979E-03  -2.2970281560E-03
   29     -8.3165159050E-05  -1.0460464968E-04   8.2055512683E-04   2.8670186661E-04   9.7616435848E-05
   30      3.5110273278E-01  -4.6941385096E-02   2.8443746867E-02   7.8421253782E-04   3.0524704228E-04
   31     -4.6941385096E-02   6.6537149568E-02  -4.3788747457E-03   4.0035182638E-04   1.0771216722E-03
   32      2.8443746867E-02  -4.3788747457E-03   2.7518453891E-02   4.6525845335E-04  -4.6707362092E-05
   33      7.8421253782E-04   4.0035182638E-04   4.6525845335E-04   9.1456841886E-02  -9.8969827590E-02
   34      3.0524704228E-04   1.0771216722E-03  -4.6707362092E-05  -9.8969827590E-02   3.2921949743E-01
   35      4.9558062760E-04  -2.3664125983E-05  -4.5674614824E-03   6.4018840534E-03  -1.0982229971E-02
   36      4.2485028259E-04  -6.9548528893E-04   4.7049297269E-05   1.4152085897E-04   1.6265123517E-04
   37      4.4507557827E-04  -9.7077545758E-04   3.4647718488E-05   5.5798818512E-05  -5.7991786009E-06
   38      5.0144968058E-05  -4.5719066980E-05  -1.4866015984E-04   2.7922562090E-05   1.0255547666E-05
   39     -1.4194780138E-04   3.3779855632E-04  -1.8625080463E-05  -3.7927281360E-04  -2.2484238472E-04
   40     -5.9759866259E-05   3.7245998753E-04   1.0272982819E-05  -2.8206885239E-04  -1.7461057114E-04
   41     -4.1224269156E-05   2.5244702985E-05   2.1978197241E-04  -2.4466885681E-05  -2.2826291545E-05
   42     -5.2558104887E-04  -7.8754060963E-04   2.8696446790E-06   1.4236245184E-03   4.0325040804E-04
   43     -3.0191731683E-04  -5.0917481509E-04  -3.8068820992E-05  -8.2562562789E-04   2.3175774338E-04
   44      6.5225372105E-06  -6.2667345735E-05  -5.0056928821E-04   7.5605573818E-05   5.8962012518E-05
   45     -2.1180425194E-05   7.4090962227E-05  -1.2710000772E-05  -1.5472850168E-04  -4.5858375989E-03
   46     -2.4176635636E-04  -2.2005613257E-04  -1.4111409370E-05  -2.9911507754E-03  -1.3515074172E-03
   47      1.0623803478E-05   5.7584279476E-06   1.2066774916E-05  -1.0126009737E-05  -4.0844616947E-04
                   35                 36                 37                 38                 39        
    0     -9.8392803751E-04  -1.7453267526E-03  -1.5442694791E-03  -2.0081521370E-04   4.1533740076E-04
    1      3.1462587912E-05  -2.4265850547E-03  -4.3003539712E-03  -1.2827397263E-04   1.2505160825E-03
    2      5.1744364071E-03  -1.3236311824E-04  -4.4682280259E-05   4.7637994392E-04   1.1372460090E-04
    3      6.4597644370E-05   6.7013834127E-03   1.1912484503E-02   2.5859397482E-04  -1.1697209719E-03
    4     -8.0166623111E-05   1.1870234897E-03   5.9782211293E-03   1.5236545970E-05  -2.5712004866E-03
    5     -1.3010519054E-03   4.2233843576E-04   9.8268720185E-04   1.6911396089E-03  -7.2074785216E-05
    6     -6.3224810381E-04   5.4731232261E-03   5.7980915539E-03   3.4482350740E-04  -3.4585007859E-03
    7      2.5410097010E-03   5.9250107188E-03   7.7536316372E-03   3.7194408319E-04  -4.2006638510E-03
    8      3.8949452915E-03   3.9063090959E-04   4.1678906008E-04   1.3355367097E-04  -2.7135920173E-04
    9     -8.6793940897E-04  -2.3206184062E-02  -1.1136372913E-02  -7.6354007228E-04   1.1266115478E-02
   10     -1.6265926469E-04  -1.0265524649E-02  -2.6339731475E-02  -7.2414470706E-04   9.1143521130E-04
   11      8.0351511981E-03  -4.1230554149E-04  -3.5183062219E-04  -1.2608072501E-02   2.1994891733E-04
   12      4.6037079403E-04   3.7661177066E-03   7.8514617474E-04   1.3781648103E-04  -5.3501545993E-03
   13     -1.5941193240E-03   1.1571532965E-02   9.2231002774E-03   8.5519909121E-04  -3.5189222938E-03
   14      4.1503217560E-03   7.6621486892E-05  -8.6234567189E-06   1.6630018120E-03  -4.3331667319E-04
   15     -5.2969038584E-03  -3.5141660096E-03  -2.7591100905E-03  -2.7220560780E-04   1.8640663487E-03
   16      1.0356798399E-02  -1.9599322517E-03  -2.6730469523E-03  -1.4904469502E-04   2.4051302968E-05
   17     -3.7965183350E-02  -3.0229339389E-04  -2.0165923088E-04   4.7035937779E-04   2.0346433109E-04
   18      8.0668916348E-05  -9.0998063806E-04  -9.8872796840E-04  -4.8551985171E-05   2.9824738721E-04
   19     -1.5202984725E-05   2.3518647619E-04   3.6393083831E-04   2.6470673218E-05  -4.6348960994E-06
   20     -8.2127128452E-04  -6.9101385991E-05  -8.9438539170E-05  -1.5129232351E-04  -3.6402284700E-06
   21      6.2266867601E-06  -4.7243734779E-01  -5.4057297686E-01  -2.8205802273E-02  -1.2760520473E-02
   22     -8.0354983103E-05  -5.4144829504E-01  -6.7351909515E-01  -3.5006696342E-02  -2.8145122130E-02
   23      1.8602814116E-04  -2.8548093453E-02  -3.5362501424E-02  -2.9514143153E-02  -1.2745168849E-03
   24     -7.5912510683E-05  -4.3210807722E-05   1.2172717066E-04   1.6601086679E-05  -9.4384936958E-05
   25      1.4509850249E-04   3.4097759724E-05   1.9684047950E-04  -4.4390352413E-06  -2.3226669711E-04
   26      6.4331420714E-04   1.4649829461E-05  -1.0955404125E-06  -2.1417055222E-04  -1.2783594388E-05
   27      2.9734219915E-04  -6.0030017003E-03  -7.2946225372E-03  -3.9776214955E-04   4.8818968542E-03
   28      2.6282697074E-04  -7.4601372603E-03  -8.8913272457E-03  -4.9839516054E-04   5.9186324497E-03
   29     -4.2204351683E-03  -4.7138659577E-04  -5.6892028694E-04   7.6315303628E-07   3.7178744653E-04
   30      4.9558062760E-04   4.2485028259E-04   4.4507557827E-04   5.0144968058E-05  -1.4194780138E-04
   31     -2.3664125983E-05  -6.9548528893E-04  -9.7077545758E-04  -4.5719066980E-05   3.3779855632E-04
   32     -4.5674614824E-03   4.7049297269E-05   3.4647718488E-05  -1.4866015984E-04  -1.8625080463E-05
   33      6.4018840534E-03   1.4152085897E-04   5.5798818512E-05   2.7922562090E-05  -3.7927281360E-04
   34     -1.0982229971E-02   1.6265123517E-04  -5.7991786009E-06   1.0255547666E-05  -2.2484238472E-04
   35      2.6318419522E-02   2.9603702028E-05   7.0867811413E-07  -2.1078478097E-04  -2.5156396470E-05
   36      2.9603702028E-05   7.8600522222E-01   8.4208736727E-01   4.5638164959E-02  -2.9868002643E-01
   37      7.0867811413E-07   8.4208736727E-01   1.0995263735E+00   5.4689899383E-02  -3.0173669165E-01
   38     -2.1078478097E-04   4.5638164959E-02   5.4689899383E-02   8.2502537568E-02  -1.6847860569E-02
