
$orca_hessian_file

$act_atom
  0

$act_coord
  0

$act_energy
     -604.060862

$hessian
48
                    0                  1                  2                  3                  4        
    0      5.3320334386E-01   3.7981118991E-02   3.3309391224E-02  -1.7845794528E-01  -1.2050324880E-01
    1      3.7981118991E-02   7.5145529792E-01  -2.6921145622E-03  -7.1632281944E-02  -2.7181594383E-01
    2      3.3309391224E-02  -2.6921145622E-03   1.3925752468E-01  -9.3019810350E-03  -8.0517092927E-03
    3     -1.7845794528E-01  -7.1632281944E-02  -9.3019810350E-03   6.5839375551E-01  -2.4002621365E-02
    4     -1.2050324880E-01  -2.7181594383E-01  -8.0517092927E-03  -2.4002621365E-02   7.4971639294E-01
    5     -8.8713122900E-03  -3.9481873458E-03  -6.0113109161E-02   4.5242822473E-02  -7.9573960152E-03
    6     -1.2897603346E-01   2.1607729359E-02  -6.0828146182E-03   5.1359424903E-02   2.4515100555E-03
    7      7.3980510930E-02  -3.1032061754E-01   8.6794921018E-03  -3.5258559485E-02  -5.3670732231E-02
    8     -6.6395487300E-03   4.3453903504E-03  -6.0853594082E-02   4.0201267049E-03   7.9618517627E-04
    9     -4.6288536535E-02  -5.8897526700E-02  -3.9002901870E-03  -2.9236974941E-01   6.3187222657E-02
   10     -1.4959162631E-02   3.6108552452E-02  -1.5201475094E-03   2.1002862738E-02  -1.2449498971E-01
   11     -4.3825283021E-03  -5.3734530803E-03   6.5050309456E-03  -1.9892266076E-02   6.1447558621E-03
   12     -2.5822151239E-03  -9.4926706578E-03   3.3050150245E-04  -1.0529395144E-02   3.7400821105E-02
   13     -8.9324787518E-03  -5.5706398600E-02  -3.0931045249E-04   7.0261624748E-02   1.3705199496E-02
   14      3.7723149124E-04  -3.1003386573E-04  -5.9257831442E-03  -2.1506309890E-03   3.0884476155E-03
   15     -1.8425664993E-02   7.7463505483E-02  -2.5989773466E-03  -4.8719661399E-02  -2.2447047285E-02
   16      3.3950447939E-02   1.4009828312E-02   2.8564544925E-03  -1.8357383746E-02  -7.7827850786E-03
   17     -2.1880742483E-03   6.5209337060E-03   3.9700639284E-03  -3.6088943609E-03  -1.8510301481E-03
   18      1.2635815205E-02  -1.6515579040E-02   8.4825551163E-04  -9.2961762608E-02   9.8472558797E-02
   19      9.6387288728E-03  -1.7673307273E-02   1.0695252737E-03   9.8892165019E-02  -3.0909618155E-01
   20      5.2967519284E-04  -1.2150133291E-03   4.4528810883E-03  -5.5847858944E-03   1.0700488220E-02
   21     -2.5496832409E-03   6.8148161735E-03  -6.9992174997E-04  -4.1050371006E-02  -3.4405659448E-02
   22      3.2590968442E-03   5.8783305389E-03   2.8454635212E-04  -2.5638762300E-02  -2.0684327327E-03
   23     -6.7701599111E-04   6.4277936585E-04   5.0183482562E-03  -3.4045207354E-03  -2.9262500922E-03
   24     -1.0227218120E-01   8.6462762823E-05  -1.8753267076E-03  -4.1650645460E-02  -1.3656097313E-02
   25     -5.6139781010E-04  -1.0554436057E-01   2.4673940345E-04  -1.8869380491E-02   1.8715720747E-02
   26     -1.7080063865E-03   2.2155759075E-04  -8.2366090963E-02  -3.2117828490E-03  -1.3360807160E-03
   27      1.1458376488E-02   7.5621356975E-03   5.2875924840E-04  -7.7910959082E-04   3.1448739255E-03
   28     -1.9177527510E-02  -1.7690198787E-02  -1.4575788151E-03   3.6457594335E-03  -3.9450174258E-03
   29      7.9497274273E-04   9.5071990188E-04   4.1609419609E-03  -4.9711031282E-04   3.7960909595E-04
   30      9.8983106740E-04  -5.0130222924E-04   8.5071591694E-05   1.0691598697E-03   1.7054598977E-03
   31     -4.3820322996E-04  -1.5156594539E-03  -2.2109947943E-05   1.3737808028E-03  -5.3979928681E-03
   32      1.0808569361E-04  -1.9923569915E-05  -1.7228269168E-04  -4.9740186480E-04   2.2108481425E-04
   33     -5.1847085624E-03  -7.3880980738E-04  -1.0856485998E-03  -9.1607109927E-04  -5.4795546758E-04
   34      4.7431359290E-04   1.7228533554E-03   1.1897866518E-04  -5.7179398962E-04   4.3533031325E-04
   35     -1.1110025269E-03   6.2183489657E-05   7.3998660772E-03   2.3881867744E-05  -8.9570014445E-05
   36     -4.4369159385E-04  -1.6274991270E-04  -1.4653350951E-04   4.3177032321E-03   3.1592447797E-05
   37     -1.1862204747E-04  -1.5409167044E-03  -5.0298275844E-05   9.1243603118E-03   4.5036564059E-03
   38     -1.4597945062E-05   5.1185724564E-05   4.5292772510E-04   9.6486578671E-05  -7.4566232254E-05
   39     -8.5181063590E-04  -4.9289853645E-04  -5.6504244913E-06   4.3826388605E-04  -1.2754003486E-03
   40     -1.5696201334E-03   5.0855294720E-05  -1.3471387775E-04  -8.9456721501E-04  -4.6891848368E-03
   41     -5.3926448471E-05  -1.4242184865E-04  -6.2997314747E-04  -2.2754673640E-06   9.2457701946E-07
   42     -4.9679648807E-02  -4.4571441739E-02  -5.4961909697E-03  -3.9897061920E-03   8.6148374012E-03
   43     -3.0613268847E-02  -9.2980208510E-04  -2.4300350949E-03   5.9112751064E-04   2.3425717878E-03
   44     -5.5570561958E-03  -3.6858528559E-03   1.9374687379E-02  -5.7650910445E-04   7.1443241699E-04
   45     -2.3044078779E-02   5.1498938629E-02  -3.9480903045E-03  -4.2747288152E-03   1.9410352619E-03
   46      3.7315787300E-02  -2.6917860648E-02   3.3915459425E-03  -9.3281131630E-03  -5.9352910548E-03
   47     -3.8405022026E-03   4.6960793848E-03   1.9488746178E-02  -3.8780063522E-04   2.0245080403E-04
                    5                  6                  7                  8                  9        
    0     -8.8713122900E-03  -1.2897603346E-01   7.3980510930E-02  -6.6395487300E-03  -4.6288536535E-02
    1     -3.9481873458E-03   2.1607729359E-02  -3.1032061754E-01   4.3453903504E-03  -5.8897526700E-02
    2     -6.0113109161E-02  -6.0828146182E-03   8.6794921018E-03  -6.0853594082E-02  -3.9002901870E-03
    3      4.5242822473E-02   5.1359424903E-02  -3.5258559485E-02   4.0201267049E-03  -2.9236974941E-01
    4     -7.9573960152E-03   2.4515100555E-03  -5.3670732231E-02   7.9618517627E-04   6.3187222657E-02
    5      1.3278307748E-01   3.6482965663E-03  -2.4034077868E-03   8.1927659998E-03  -2.0453115482E-02
    6      3.6482965663E-03   6.9989957369E-01   5.0638240443E-02   4.8261755554E-02  -3.2783006676E-02
    7     -2.4034077868E-03   5.0638240443E-02   7.0771810341E-01  -1.4844815847E-03   3.2610282010E-02
    8      8.1927659998E-03   4.8261755554E-02  -1.4844815847E-03   1.3532611030E-01  -2.5558764081E-03
    9     -2.0453115482E-02  -3.2783006676E-02   3.2610282010E-02  -2.5558764081E-03   6.3337792957E-01
   10      2.4560914181E-03   2.9986113161E-02  -2.0776129457E-02   2.6507897511E-03   2.1635821130E-02
   11     -6.2455327397E-02  -2.4464313521E-03   2.8316967378E-03  -5.9980978509E-03   4.3444923867E-02
   12     -1.8491935031E-03  -4.3995105021E-02  -1.9841605735E-02  -4.0290834261E-03  -1.4785022344E-01
   13      5.9164826381E-03  -5.8970023641E-02   4.4208321899E-02  -5.3771026996E-03   4.7394867651E-02
   14      6.6796272111E-03  -3.6821755063E-03  -1.9937659254E-03   5.1297035426E-03  -8.1638518906E-03
   15     -3.6233496550E-03  -3.2770833078E-01   7.3026859901E-04  -2.3088004959E-02   5.2092970691E-02
   16     -1.5029210214E-03   6.1661425507E-02  -1.3262373146E-01   6.1277253044E-03  -1.6761246034E-03
   17     -3.9247824313E-03  -2.3647695504E-02   8.8919558531E-04  -6.1570193903E-02   3.8780989938E-03
   18     -5.6031105161E-03  -3.0417255792E-03  -3.5588238046E-03  -6.9129279085E-04  -6.8891851735E-03
   19      1.0801048173E-02  -4.0108353096E-03  -1.5299333961E-03  -2.7992218768E-04  -1.6932762233E-03
   20     -3.6936359639E-02  -7.1893449531E-04  -1.8214126675E-04   5.3802643758E-03  -7.3681403692E-04
   21     -3.3703354226E-03  -2.5305677649E-03  -1.9603805332E-03  -1.3301882631E-04  -1.4401542711E-01
   22     -2.1989945560E-03  -2.2244681325E-03  -2.6096001564E-03  -1.6314763038E-04  -1.1500967556E-01
   23      1.9267236574E-03  -1.4585653312E-04  -1.6001905924E-04  -6.4342081970E-04  -8.9784025142E-03
   24     -3.2888458400E-03  -2.6020304784E-02   2.7053875823E-02  -2.3566491855E-03   6.7988373128E-03
   25     -1.7715809859E-03   3.2274155274E-02   5.1111971270E-03   2.7155849667E-03  -6.4695034191E-03
   26     -1.9324638278E-03  -2.3770504953E-03   2.2595694142E-03  -2.0289719740E-03  -1.7271540094E-04
   27     -5.4648733165E-04  -1.7087348912E-01  -1.4238161779E-01  -1.0029685384E-02  -6.4066051553E-04
   28      4.0485470341E-04  -1.4103228379E-01  -2.2970881779E-01  -1.0143301421E-02   7.5285057681E-04
   29      5.3073363075E-03  -1.0067057822E-02  -1.0334454630E-02  -3.7552755627E-02  -1.4838515840E-06
   30     -4.5728384141E-04  -3.5363276388E-04  -3.3428181755E-03  -6.6903259425E-04  -5.9001129648E-03
   31      2.2731133797E-04  -3.1346535167E-03  -3.8282169820E-03  -1.5298030322E-04   2.9091345455E-02
   32      6.0723794857E-03  -7.1901307358E-04  -1.2900092638E-04   7.6017195910E-03  -1.1445129359E-03
   33      2.5363994576E-05  -7.7643506310E-03   3.0029396176E-02  -1.1915700278E-03  -1.8731197549E-03
   34     -5.8946846874E-05  -5.2578037635E-04   1.6881964811E-04  -3.2298320191E-05  -3.4139097172E-03
   35     -1.1624471419E-03  -8.6191319342E-04   2.6006111969E-03   2.8726381787E-03  -7.9396781229E-04
   36      2.4879665418E-04   2.5204177263E-03   2.3541532477E-03   1.9631801317E-04  -2.1899239154E-02
   37      7.5238234649E-04   2.2500326035E-03   3.4987107151E-03   1.6121815352E-04  -9.5237253186E-03
   38      1.4896850937E-03   1.9655589584E-04   1.5882155375E-04  -2.7384822283E-05  -6.3977843061E-04
   39      4.7757195032E-05  -1.3066490030E-03  -1.7484496331E-03  -1.1386387072E-04   1.0358840498E-02
   40     -5.2752808458E-06  -1.4980576186E-03  -2.1787523564E-03  -1.1708544211E-04   1.6062314594E-04
   41      1.7966159045E-04  -6.1325387715E-05  -1.4120809094E-04   1.0417503474E-04   1.9908032204E-04
   42     -6.8240801104E-04  -2.3997123050E-03  -2.8927686998E-03  -2.8443448536E-04  -2.8641816496E-03
   43      4.1935579555E-05   8.0491414666E-03  -7.8214557539E-03   7.6208049381E-04  -5.8527076786E-04
   44      2.9824115482E-03  -3.5915433983E-04  -1.2913575320E-04   9.5039851538E-04  -6.6652008251E-05
   45     -4.7891831329E-04  -6.0946873944E-03  -6.4122107148E-03  -7.0139920250E-04   9.4422108599E-04
   46     -7.2862585116E-04   2.4402227937E-03   4.3389012854E-03   1.8942499638E-04   2.6265708619E-03
   47      9.3876079676E-04  -7.8759278406E-04  -5.2841067557E-04   3.1075413173E-03   1.3602212346E-04
                   10                 11                 12                 13                 14        
    0     -1.4959162631E-02  -4.3825283021E-03  -2.5822151239E-03  -8.9324787518E-03   3.7723149124E-04
    1      3.6108552452E-02  -5.3734530803E-03  -9.4926706578E-03  -5.5706398600E-02  -3.1003386573E-04
    2     -1.5201475094E-03   6.5050309456E-03   3.3050150245E-04  -3.0931045249E-04  -5.9257831442E-03
    3      2.1002862738E-02  -1.9892266076E-02  -1.0529395144E-02   7.0261624748E-02  -2.1506309890E-03
    4     -1.2449498971E-01   6.1447558621E-03   3.7400821105E-02   1.3705199496E-02   3.0884476155E-03
    5      2.4560914181E-03  -6.2455327397E-02  -1.8491935031E-03   5.9164826381E-03   6.6796272111E-03
    6      2.9986113161E-02  -2.4464313521E-03  -4.3995105021E-02  -5.8970023641E-02  -3.6821755063E-03
    7     -2.0776129457E-02   2.8316967378E-03  -1.9841605735E-02   4.4208321899E-02  -1.9937659254E-03
    8      2.6507897511E-03  -5.9980978509E-03  -4.0290834261E-03  -5.3771026996E-03   5.1297035426E-03
    9      2.1635821130E-02   4.3444923867E-02  -1.4785022344E-01   4.7394867651E-02  -8.1638518906E-03
   10      6.3525324151E-01  -3.4665208828E-03   8.9509718375E-02  -2.5918397022E-01   9.7327066172E-03
   11     -3.4665208828E-03   1.2691891617E-01  -8.6521202767E-03   5.9976423472E-03  -6.1110771816E-02
   12      8.9509718375E-02  -8.6521202767E-03   7.4295916573E-01   7.8169501254E-03   5.2550697194E-02
   13     -2.5918397022E-01   5.9976423472E-03   7.8169501254E-03   6.4342139458E-01  -4.3007718953E-03
   14      9.7327066172E-03  -6.1110771816E-02   5.2550697194E-02  -4.3007718953E-03   1.3562015078E-01
   15     -3.9526757625E-02   4.2774032762E-03  -2.1078832250E-01  -7.3368752928E-02  -1.2444353050E-02
   16     -5.4693237571E-02   5.0016263648E-04  -1.3114362672E-01  -2.5822839532E-01  -9.4011505875E-03
   17     -2.7853572507E-03   6.8984665256E-03  -1.1824866566E-02  -4.3237458132E-03  -5.9712409691E-02
   18      2.7140252826E-02  -1.1731338762E-03  -5.2466732481E-03  -6.1948914466E-04  -9.7772308244E-04
   19      2.0647125900E-03  -1.0439729875E-04  -3.3319954703E-04   1.2536032658E-03  -7.5361248732E-06
   20      2.4135857552E-03   4.0792183469E-03  -1.0070694929E-03   8.3805565851E-05   6.3446066465E-03
   21     -1.1643551474E-01  -9.2409405369E-03   8.1500237831E-03  -1.5972004630E-02   6.8238412397E-04
   22     -1.9477419762E-01  -8.3252909073E-03  -2.4936124388E-02  -5.0657766888E-02  -1.6501902881E-03
   23     -8.1443686128E-03  -2.5979579713E-02   7.9215856672E-04  -8.1383149147E-04   1.9717517048E-03
   24     -8.0522465457E-03  -2.3699702336E-04   5.8238768971E-05   2.2778495855E-04   2.0063795441E-04
   25     -3.7974712805E-03  -4.1470493749E-04  -7.0330973600E-04  -4.8483051595E-03  -3.7535029868E-05
   26     -5.6707988475E-04   9.1304247234E-03   1.4418943570E-04   3.0395851922E-05  -1.4741288200E-03
   27      7.9037152597E-04   5.1039140468E-05  -4.5399056221E-03   2.0391321484E-03  -1.0548573344E-03
   28      7.9444530722E-05   6.8131772939E-05   2.2209551623E-03   8.2934437881E-04   2.6071435994E-04
   29      3.6621876442E-05  -1.1693505956E-03  -1.0451744972E-03   3.0430887690E-04   7.5222280158E-03
   30     -1.8801724473E-03  -8.0694545785E-04  -3.3370495861E-01   4.3208863505E-02  -2.5721567680E-02
   31     -1.3604539590E-03   2.5262949264E-03   4.1428292788E-02  -6.4520703260E-02   3.7793397441E-03
   32     -8.2047618130E-05   3.5616305566E-03  -2.5680551028E-02   3.8850592651E-03  -4.0183866563E-02
   33     -3.4789234763E-03  -7.8777679887E-04   1.0560206819E-02  -2.0249032332E-02   8.4135778561E-04
   34     -1.1627196720E-03  -1.3560003910E-04   1.0275637915E-02  -1.8033284339E-02   1.0815201306E-03
   35     -1.5937403209E-04   7.3059328206E-03   5.1924627971E-04  -1.5783958267E-03   3.0502346113E-03
   36     -8.0147095521E-03  -3.5014981520E-04   3.7278983627E-03   9.4191971334E-03   1.0757809139E-04
   37     -2.3575812282E-02  -2.7302186650E-04   6.7653941826E-04   6.5132540490E-03   8.9748095374E-06
   38     -5.1215829277E-04  -1.2555937787E-02   1.5812782226E-04   7.0750282791E-04   1.4751013086E-03
   39     -7.1987145160E-07   1.5739686560E-04  -5.2083010925E-03  -2.1802088828E-03  -4.2673123565E-04
   40      9.8201089986E-03  -1.1202010858E-04  -3.3215050841E-03  -6.5976849288E-04  -2.7124025580E-04
   41     -5.7623599216E-05   7.4810791930E-03  -3.9951631242E-04  -2.3058440473E-04   1.3953829683E-04
   42      3.3126777901E-04  -1.0208305689E-04  -6.1686533927E-04  -1.5174326803E-03  -6.0365538142E-05
   43      1.3317403647E-03  -6.9012507291E-05   1.0969011124E-03   6.4697571139E-04   9.6924963977E-05
   44      2.3334861782E-05  -1.5967247904E-03  -8.9016643881E-05  -9.7777456934E-05   2.1452536058E-04
   45      2.2672639994E-03   1.5290393982E-04  -3.4277091311E-04   1.3179197108E-03  -7.2037591467E-05
   46     -3.2188639300E-04   2.1447943417E-04  -8.0410973014E-04   7.1410235698E-04  -8.3158328381E-05
   47      1.3953690323E-04  -1.0166124398E-03  -6.2656420700E-05   1.3523861564E-04   2.4136357297E-04
                   15                 16                 17                 18                 19        
    0     -1.8425664993E-02   3.3950447939E-02  -2.1880742483E-03   1.2635815205E-02   9.6387288728E-03
    1      7.7463505483E-02   1.4009828312E-02   6.5209337060E-03  -1.6515579040E-02  -1.7673307273E-02
    2     -2.5989773466E-03   2.8564544925E-03   3.9700639284E-03   8.4825551163E-04   1.0695252737E-03
    3     -4.8719661399E-02  -1.8357383746E-02  -3.6088943609E-03  -9.2961762608E-02   9.8892165019E-02
    4     -2.2447047285E-02  -7.7827850786E-03  -1.8510301481E-03   9.8472558797E-02  -3.0909618155E-01
    5     -3.6233496550E-03  -1.5029210214E-03  -3.9247824313E-03  -5.6031105161E-03   1.0801048173E-02
    6     -3.2770833078E-01   6.1661425507E-02  -2.3647695504E-02  -3.0417255792E-03  -4.0108353096E-03
    7      7.3026859901E-04  -1.3262373146E-01   8.8919558531E-04  -3.5588238046E-03  -1.5299333961E-03
    8     -2.3088004959E-02   6.1277253044E-03  -6.1570193903E-02  -6.9129279085E-04  -2.7992218768E-04
    9      5.2092970691E-02  -1.6761246034E-03   3.8780989938E-03  -6.8891851735E-03  -1.6932762233E-03
   10     -3.9526757625E-02  -5.4693237571E-02  -2.7853572507E-03   2.7140252826E-02   2.0647125900E-03
   11      4.2774032762E-03   5.0016263648E-04   6.8984665256E-03  -1.1731338762E-03  -1.0439729875E-04
   12     -2.1078832250E-01  -1.3114362672E-01  -1.1824866566E-02  -5.2466732481E-03  -3.3319954703E-04
   13     -7.3368752928E-02  -2.5822839532E-01  -4.3237458132E-03  -6.1948914466E-04   1.2536032658E-03
   14     -1.2444353050E-02  -9.4011505875E-03  -5.9712409691E-02  -9.7772308244E-04  -7.5361248732E-06
   15      6.6558319328E-01  -2.7365334153E-02   4.6280998609E-02  -8.0202954031E-04  -4.3086947283E-04
   16     -2.7365334153E-02   7.3474644808E-01  -8.1421216230E-03  -4.3295243589E-04   6.3530463678E-04
   17      4.6280998609E-02  -8.1421216230E-03   1.3283226706E-01   2.7547473122E-05  -4.9031441387E-05
   18     -8.0202954031E-04  -4.3295243589E-04   2.7547473122E-05   9.7921847369E-02  -1.0633341425E-01
   19     -4.3086947283E-04   6.3530463678E-04  -4.9031441387E-05  -1.0633341425E-01   3.2384017479E-01
   20      2.8599571145E-05  -7.5124469488E-05  -1.0622955768E-03   7.0199943016E-03  -1.1573946423E-02
   21      3.7055222339E-03   4.9489863675E-03  -1.9504819198E-04   1.5849065057E-03  -5.5744881131E-04
   22      8.2440702024E-03  -1.0322427677E-03   7.5287658958E-04   1.3505017733E-03   6.6166613509E-04
   23     -2.2686304732E-04   4.7453781749E-04   5.3574268517E-03   4.1830723317E-04  -7.4133017814E-05
   24      9.7116124231E-03   1.8874386624E-03  -5.6264061927E-05   9.1820163217E-04   2.1634144910E-03
   25      2.5122460575E-03  -7.9745897498E-03   3.4809077805E-04  -9.7855221719E-04  -3.4933073735E-03
   26      2.9661874834E-05   3.2302074536E-04   9.0957315441E-03   4.8965589771E-04   1.6849934401E-04
   27     -1.3025989743E-02  -2.3216324688E-02  -1.2495027934E-03   7.0297644622E-04   5.9210178308E-04
   28      5.5144822467E-03   9.3466645650E-03   4.1651191258E-04  -1.0621039147E-03  -7.7060490509E-04
   29     -1.5042130347E-03  -2.0260304453E-03   4.2389698502E-03   2.4202393805E-05   4.0768241860E-05
   30     -1.3288491759E-02   5.2399950534E-03  -1.5454236209E-03  -2.5310494642E-04  -8.5897422923E-05
   31     -2.4927527763E-02   8.1481671303E-03  -2.1768235469E-03   1.3575897347E-03   2.0029612842E-04
   32     -1.2622604157E-03   4.0915677134E-04   4.1023302142E-03  -2.5164281513E-05  -3.7359727809E-05
   33     -9.3867077684E-02   9.4835733414E-02  -5.7074556673E-03   5.0985632153E-05   5.3855098301E-05
   34      9.4891823290E-02  -3.0371738438E-01   1.0519818901E-02   4.8417835370E-05   2.2103335171E-05
   35     -5.7054861329E-03   1.0500773635E-02  -3.7630215662E-02   7.8989845816E-05  -2.0611667917E-05
   36     -1.1627260903E-03  -1.0881649364E-03  -1.1383099749E-04  -1.0885016058E-03   4.5531885841E-04
   37      5.8223297326E-05  -1.6136359016E-03   2.6759855444E-05  -1.1967564776E-03   6.7195802308E-04
   38     -1.5004193900E-04  -5.2460924889E-05   3.7860197008E-04  -4.1621636052E-05   6.1710881299E-06
   39      1.8864284105E-04  -5.6809460497E-04   3.9872820737E-05   5.0649755164E-04  -2.7860337014E-04
   40     -5.2771189531E-04  -1.6601560434E-04  -7.7327310132E-05   6.8761357434E-04  -4.6751680592E-04
   41      3.6107058027E-05  -8.6756387214E-05  -5.7743599034E-04  -3.6953018473E-06   8.8569291747E-06
   42     -6.8841347819E-04  -1.1690998299E-03   4.7012444306E-05   7.3818458202E-04   4.8532735271E-05
   43     -2.2892089187E-03   1.3240019931E-03  -2.1012316863E-04   1.4044945339E-03   9.6788022212E-04
   44      4.5690453839E-05  -1.1665305206E-04  -8.6587475750E-04   1.4024773919E-05  -6.7707386669E-06
   45     -2.7707649342E-03   2.3867233511E-03  -1.3214466953E-04  -4.7815658757E-03   1.8973040743E-03
   46      1.9139861768E-03  -2.5992042313E-04   1.7772601885E-04   2.5141004739E-04   2.7618267586E-03
   47     -1.0863484411E-04   2.0966375379E-04  -1.5388109801E-03  -4.1396776454E-04   1.3821182071E-04
                   20                 21                 22                 23                 24        
    0      5.2967519284E-04  -2.5496832409E-03   3.2590968442E-03  -6.7701599111E-04  -1.0227218120E-01
    1     -1.2150133291E-03   6.8148161735E-03   5.8783305389E-03   6.4277936585E-04   8.6462762823E-05
    2      4.4528810883E-03  -6.9992174997E-04   2.8454635212E-04   5.0183482562E-03  -1.8753267076E-03
    3     -5.5847858944E-03  -4.1050371006E-02  -2.5638762300E-02  -3.4045207354E-03  -4.1650645460E-02
    4      1.0700488220E-02  -3.4405659448E-02  -2.0684327327E-03  -2.9262500922E-03  -1.3656097313E-02
    5     -3.6936359639E-02  -3.3703354226E-03  -2.1989945560E-03   1.9267236574E-03  -3.2888458400E-03
    6     -7.1893449531E-04  -2.5305677649E-03  -2.2244681325E-03  -1.4585653312E-04  -2.6020304784E-02
    7     -1.8214126675E-04  -1.9603805332E-03  -2.6096001564E-03  -1.6001905924E-04   2.7053875823E-02
    8      5.3802643758E-03  -1.3301882631E-04  -1.6314763038E-04  -6.4342081970E-04  -2.3566491855E-03
    9     -7.3681403692E-04  -1.4401542711E-01  -1.1500967556E-01  -8.9784025142E-03   6.7988373128E-03
   10      2.4135857552E-03  -1.1643551474E-01  -1.9477419762E-01  -8.1443686128E-03  -8.0522465457E-03
   11      4.0792183469E-03  -9.2409405369E-03  -8.3252909073E-03  -2.5979579713E-02  -2.3699702336E-04
   12     -1.0070694929E-03   8.1500237831E-03  -2.4936124388E-02   7.9215856672E-04   5.8238768971E-05
   13      8.3805565851E-05  -1.5972004630E-02  -5.0657766888E-02  -8.1383149147E-04   2.2778495855E-04
   14      6.3446066465E-03   6.8238412397E-04  -1.6501902881E-03   1.9717517048E-03   2.0063795441E-04
   15      2.8599571145E-05   3.7055222339E-03   8.2440702024E-03  -2.2686304732E-04   9.7116124231E-03
   16     -7.5124469488E-05   4.9489863675E-03  -1.0322427677E-03   4.7453781749E-04   1.8874386624E-03
   17     -1.0622955768E-03  -1.9504819198E-04   7.5287658958E-04   5.3574268517E-03  -5.6264061927E-05
   18      7.0199943016E-03   1.5849065057E-03   1.3505017733E-03   4.1830723317E-04   9.1820163217E-04
   19     -1.1573946423E-02  -5.5744881131E-04   6.6166613509E-04  -7.4133017814E-05   2.1634144910E-03
   20      2.5260331388E-02   2.8165940156E-04  -1.3572105998E-04  -3.5909430703E-03   4.9645849194E-04
   21      2.8165940156E-04   6.6821353326E-01   7.3066213934E-01   4.2958046892E-02   4.4716002502E-04
   22     -1.3572105998E-04   7.3066213934E-01   9.4085565378E-01   4.9118726418E-02   4.0220048822E-04
   23     -3.5909430703E-03   4.2958046892E-02   4.9118726418E-02   3.6283174469E-02  -1.0735169961E-04
   24      4.9645849194E-04   4.4716002502E-04   4.0220048822E-04  -1.0735169961E-04   6.1821186781E-01
   25     -3.7917268121E-04  -1.4856087759E-03   5.7566300730E-05  -3.8484018392E-04   4.5407313762E-02
   26     -4.6613260107E-03  -2.9103772293E-06   9.0994493374E-05   1.0844942471E-03   3.2478377826E-02
   27     -9.3966209397E-06   1.2074879882E-04  -2.4916958067E-05   9.6454760126E-05   1.9983354626E-05
   28     -7.1932559749E-05  -6.5390253271E-05   6.8619228658E-05  -4.0380372536E-06  -3.4761864402E-03
   29      6.6922854121E-04   8.9097780269E-05  -2.0730582667E-05  -9.6667007714E-04   3.4927506141E-04
   30     -2.0894784866E-05   4.1291424047E-04  -7.7462314824E-04   3.2489993821E-04  -1.8647526009E-04
   31      1.1715915027E-04   1.0248390042E-03   1.5905657629E-03   2.2589329073E-05  -1.0061583855E-04
   32     -5.8555943761E-06   3.0756929995E-04  -9.0634343951E-05  -3.1516954904E-03   1.7589277506E-04
   33      7.5715112833E-05   4.5335794552E-04  -7.8346888979E-04   9.3405837065E-06   7.3613679226E-04
   34     -1.5817830295E-05   1.2699759432E-04  -9.8478469739E-04   3.4452153093E-05  -6.1353386062E-04
   35     -7.9808253620E-04  -1.3279789540E-05  -7.6655454442E-05   4.0905369435E-04   4.7435909513E-05
   36     -9.3170659743E-05  -4.7941823793E-01  -5.4663750658E-01  -2.9795927374E-02  -4.0228425807E-03
   37     -1.1793052816E-04  -5.4561213503E-01  -6.7732048689E-01  -3.6486883184E-02  -4.5993191729E-03
   38     -1.8831585206E-04  -2.9608816374E-02  -3.6331761830E-02  -2.8106875395E-02  -2.8359954077E-04
   39      9.3633523689E-05  -1.1772641430E-02  -2.7161962355E-02  -1.1995999587E-03   4.0287713591E-03
   40      1.5417133916E-04  -2.7003031403E-02  -1.9538278206E-02  -1.4697221846E-03   4.9344398621E-03
   41      2.8045116673E-04  -1.0392472724E-03  -1.2837034584E-03   1.0801752048E-02   2.9053309853E-04
   42      7.2780113181E-05  -1.3552668911E-03  -4.2191332126E-04  -1.1443465396E-05  -2.8263099095E-01
   43      2.1349575315E-04  -2.9784213586E-04  -1.5627460005E-04   6.8444771363E-05  -1.7888550555E-01
   44      4.9919876127E-04  -1.5577655793E-04  -1.2503480602E-04  -3.9321398153E-04  -1.6043515090E-02
   45     -4.2857517078E-04  -3.1694435021E-04  -2.2177937422E-04  -4.4702957395E-05  -1.8373016057E-01
   46      8.4808271440E-05   1.4020307492E-04   5.7696252886E-05   9.4419742965E-05   1.2698807316E-01
   47      2.6211345596E-04  -3.6172394360E-05  -2.4906663574E-05   3.0673568378E-05  -9.9611854492E-03
                   25                 26                 27                 28                 29        
    0     -5.6139781010E-04  -1.7080063865E-03   1.1458376488E-02  -1.9177527510E-02   7.9497274273E-04
    1     -1.0554436057E-01   2.2155759075E-04   7.5621356975E-03  -1.7690198787E-02   9.5071990188E-04
    2      2.4673940345E-04  -8.2366090963E-02   5.2875924840E-04  -1.4575788151E-03   4.1609419609E-03
    3     -1.8869380491E-02  -3.2117828490E-03  -7.7910959082E-04   3.6457594335E-03  -4.9711031282E-04
    4      1.8715720747E-02  -1.3360807160E-03   3.1448739255E-03  -3.9450174258E-03   3.7960909595E-04
    5     -1.7715809859E-03  -1.9324638278E-03  -5.4648733165E-04   4.0485470341E-04   5.3073363075E-03
    6      3.2274155274E-02  -2.3770504953E-03  -1.7087348912E-01  -1.4103228379E-01  -1.0067057822E-02
    7      5.1111971270E-03   2.2595694142E-03  -1.4238161779E-01  -2.2970881779E-01  -1.0334454630E-02
    8      2.7155849667E-03  -2.0289719740E-03  -1.0029685384E-02  -1.0143301421E-02  -3.7552755627E-02
    9     -6.4695034191E-03  -1.7271540094E-04  -6.4066051553E-04   7.5285057681E-04  -1.4838515840E-06
   10     -3.7974712805E-03  -5.6707988475E-04   7.9037152597E-04   7.9444530722E-05   3.6621876442E-05
   11     -4.1470493749E-04   9.1304247234E-03   5.1039140468E-05   6.8131772939E-05  -1.1693505956E-03
   12     -7.0330973600E-04   1.4418943570E-04  -4.5399056221E-03   2.2209551623E-03  -1.0451744972E-03
   13     -4.8483051595E-03   3.0395851922E-05   2.0391321484E-03   8.2934437881E-04   3.0430887690E-04
   14     -3.7535029868E-05  -1.4741288200E-03  -1.0548573344E-03   2.6071435994E-04   7.5222280158E-03
   15      2.5122460575E-03   2.9661874834E-05  -1.3025989743E-02   5.5144822467E-03  -1.5042130347E-03
   16     -7.9745897498E-03   3.2302074536E-04  -2.3216324688E-02   9.3466645650E-03  -2.0260304453E-03
   17      3.4809077805E-04   9.0957315441E-03  -1.2495027934E-03   4.1651191258E-04   4.2389698502E-03
   18     -9.7855221719E-04   4.8965589771E-04   7.0297644622E-04  -1.0621039147E-03   2.4202393805E-05
   19     -3.4933073735E-03   1.6849934401E-04   5.9210178308E-04  -7.7060490509E-04   4.0768241860E-05
   20     -3.7917268121E-04  -4.6613260107E-03  -9.3966209397E-06  -7.1932559749E-05   6.6922854121E-04
   21     -1.4856087759E-03  -2.9103772293E-06   1.2074879882E-04  -6.5390253271E-05   8.9097780269E-05
   22      5.7566300730E-05   9.0994493374E-05  -2.4916958067E-05   6.8619228658E-05  -2.0730582667E-05
   23     -3.8484018392E-04   1.0844942471E-03   9.6454760126E-05  -4.0380372536E-06  -9.6667007714E-04
   24      4.5407313762E-02   3.2478377826E-02   1.9983354626E-05  -3.4761864402E-03   3.4927506141E-04
   25      8.9593540245E-01  -1.1851374400E-03  -3.1763426080E-04  -2.7424699509E-03  -2.8919481032E-05
   26     -1.1851374400E-03   2.3264947959E-01   3.7954358710E-04  -3.1201678092E-04  -4.3658904055E-03
   27     -3.1763426080E-04   3.7954358710E-04   1.8070741406E-01   1.5196354295E-01   1.1851028336E-02
   28     -2.7424699509E-03  -3.1201678092E-04   1.5196354295E-01   2.3948666755E-01   1.0844197311E-02
   29     -2.8919481032E-05  -4.3658904055E-03   1.1851028336E-02   1.0844197311E-02   2.5830723657E-02
   30     -1.4057381519E-06   1.1782149076E-04  -6.1747569629E-04   3.5863114556E-04  -4.3317743246E-05
   31     -3.9240663890E-04  -2.1930291642E-05  -1.1411347599E-03   3.5200527041E-04  -1.0187695644E-04
   32     -1.1502548818E-05  -1.4703869965E-03  -1.0126398422E-05   3.8532792596E-05  -2.6487708533E-04
   33      1.7362394375E-03  -1.8501153774E-05   1.2970084527E-03  -2.4905037445E-04   4.8013341056E-04
   34      1.7697535455E-04  -4.5582368961E-05  -3.4236055415E-05   5.3299554160E-04  -7.1223136391E-05
   35      1.3878177506E-04   7.2884570047E-04   4.5914870005E-04  -9.1106076004E-05  -4.1921435318E-03
   36      7.3810851115E-04  -3.4871787617E-04  -1.4512879645E-04  -1.0634179016E-04  -1.2439397933E-05
   37      1.1620050058E-03  -4.0695807666E-04  -1.8903844071E-04  -1.0980806196E-04  -8.6367504514E-06
   38     -3.1892626502E-05  -8.8616859819E-05  -7.1428297001E-06   6.1556531412E-06   7.2810062027E-05
   39     -1.1176042535E-03   3.4452700180E-04   1.0411914338E-04   1.0757981535E-04  -1.4774778715E-05
   40     -1.6689147962E-03   4.1018783405E-04   1.4531380418E-04   1.0555163335E-04  -9.8012424265E-06
   41      1.1012266572E-04  -8.8916090450E-05   4.0354252522E-06   3.8278985137E-06   5.9380520261E-05
   42     -1.8311259472E-01  -1.6090546643E-02  -4.1787608037E-03   4.3183671733E-04  -4.1182737007E-04
   43     -3.4576606456E-01  -1.2857504723E-02   2.0729380920E-03   2.7134649532E-03   1.7172614245E-04
   44     -1.3122492303E-02  -7.7151732334E-02  -4.7605759318E-04   1.7178430708E-05   2.6151568333E-04
   45      1.3085059588E-01  -1.0023976150E-02   3.5712936371E-04   1.4284456550E-04   6.0741706422E-06
   46     -4.4503738001E-01   1.3209115188E-02  -1.1148756835E-03   1.3556362882E-03  -1.3481229831E-04
   47      1.3412045359E-02  -7.7080921765E-02  -2.6372289714E-06   1.1459426292E-05   4.1354324247E-04
                   30                 31                 32                 33                 34        
    0      9.8983106740E-04  -4.3820322996E-04   1.0808569361E-04  -5.1847085624E-03   4.7431359290E-04
    1     -5.0130222924E-04  -1.5156594539E-03  -1.9923569915E-05  -7.3880980738E-04   1.7228533554E-03
    2      8.5071591694E-05  -2.2109947943E-05  -1.7228269168E-04  -1.0856485998E-03   1.1897866518E-04
    3      1.0691598697E-03   1.3737808028E-03  -4.9740186480E-04  -9.1607109927E-04  -5.7179398962E-04
    4      1.7054598977E-03  -5.3979928681E-03   2.2108481425E-04  -5.4795546758E-04   4.3533031325E-04
    5     -4.5728384141E-04   2.2731133797E-04   6.0723794857E-03   2.5363994576E-05  -5.8946846874E-05
    6     -3.5363276388E-04  -3.1346535167E-03  -7.1901307358E-04  -7.7643506310E-03  -5.2578037635E-04
    7     -3.3428181755E-03  -3.8282169820E-03  -1.2900092638E-04   3.0029396176E-02   1.6881964811E-04
    8     -6.6903259425E-04  -1.5298030322E-04   7.6017195910E-03  -1.1915700278E-03  -3.2298320191E-05
    9     -5.9001129648E-03   2.9091345455E-02  -1.1445129359E-03  -1.8731197549E-03  -3.4139097172E-03
   10     -1.8801724473E-03  -1.3604539590E-03  -8.2047618130E-05  -3.4789234763E-03  -1.1627196720E-03
   11     -8.0694545785E-04   2.5262949264E-03   3.5616305566E-03  -7.8777679887E-04  -1.3560003910E-04
   12     -3.3370495861E-01   4.1428292788E-02  -2.5680551028E-02   1.0560206819E-02   1.0275637915E-02
   13      4.3208863505E-02  -6.4520703260E-02   3.8850592651E-03  -2.0249032332E-02  -1.8033284339E-02
   14     -2.5721567680E-02   3.7793397441E-03  -4.0183866563E-02   8.4135778561E-04   1.0815201306E-03
   15     -1.3288491759E-02  -2.4927527763E-02  -1.2622604157E-03  -9.3867077684E-02   9.4891823290E-02
   16      5.2399950534E-03   8.1481671303E-03   4.0915677134E-04   9.4835733414E-02  -3.0371738438E-01
   17     -1.5454236209E-03  -2.1768235469E-03   4.1023302142E-03  -5.7074556673E-03   1.0519818901E-02
   18     -2.5310494642E-04   1.3575897347E-03  -2.5164281513E-05   5.0985632153E-05   4.8417835370E-05
   19     -8.5897422923E-05   2.0029612842E-04  -3.7359727809E-05   5.3855098301E-05   2.2103335171E-05
   20     -2.0894784866E-05   1.1715915027E-04  -5.8555943761E-06   7.5715112833E-05  -1.5817830295E-05
   21      4.1291424047E-04   1.0248390042E-03   3.0756929995E-04   4.5335794552E-04   1.2699759432E-04
   22     -7.7462314824E-04   1.5905657629E-03  -9.0634343951E-05  -7.8346888979E-04  -9.8478469739E-04
   23      3.2489993821E-04   2.2589329073E-05  -3.1516954904E-03   9.3405837065E-06   3.4452153093E-05
   24     -1.8647526009E-04  -1.0061583855E-04   1.7589277506E-04   7.3613679226E-04  -6.1353386062E-04
   25     -1.4057381519E-06  -3.9240663890E-04  -1.1502548818E-05   1.7362394375E-03   1.7697535455E-04
   26      1.1782149076E-04  -2.1930291642E-05  -1.4703869965E-03  -1.8501153774E-05  -4.5582368961E-05
   27     -6.1747569629E-04  -1.1411347599E-03  -1.0126398422E-05   1.2970084527E-03  -3.4236055415E-05
   28      3.5863114556E-04   3.5200527041E-04   3.8532792596E-05  -2.4905037445E-04   5.3299554160E-04
   29     -4.3317743246E-05  -1.0187695644E-04  -2.6487708533E-04   4.8013341056E-04  -7.1223136391E-05
   30      3.5096169414E-01  -4.4593760261E-02   2.8331644779E-02   7.2703400036E-04   1.0560787137E-04
   31     -4.4593760261E-02   6.5705402735E-02  -4.1611077692E-03   3.6261391762E-04   9.8906665318E-04
   32      2.8331644779E-02  -4.1611077692E-03   2.7696296074E-02   4.2521954952E-04  -6.7820751215E-05
   33      7.2703400036E-04   3.6261391762E-04   4.2521954952E-04   9.7344371382E-02  -1.0104722297E-01
   34      1.0560787137E-04   9.8906665318E-04  -6.7820751215E-05  -1.0104722297E-01   3.2018883819E-01
   35      4.5354934299E-04  -2.4069068118E-05  -4.1235753586E-03   6.9842408240E-03  -1.1288258460E-02
   36      4.3120299126E-04  -7.1685868540E-04   5.0516813185E-05   8.9620624949E-05   4.6398718551E-04
   37      4.5846025893E-04  -1.0020231662E-03   3.6062605476E-05  -8.9819429383E-06   3.3216706731E-04
   38      3.1672875202E-05  -4.2154144020E-05  -1.3655682771E-04   2.1116175758E-05   2.1236054246E-05
   39     -1.0868975931E-04   3.4006300016E-04  -1.7573057658E-05  -3.5010274688E-04  -4.9474011270E-04
   40     -1.8233816015E-05   3.7583535400E-04   1.0978499652E-05  -2.4335102333E-04  -4.6582062695E-04
   41      4.4664126715E-06   2.0899261368E-05   2.2164201505E-04  -3.4211653037E-05  -2.3536851243E-06
   42     -3.3856373702E-05  -4.5075134368E-05  -1.3494267650E-05  -2.4172587203E-04   1.5408386442E-04
   43      1.1484371587E-04   2.8430493938E-04   1.8248084328E-05  -2.3343060518E-04   6.8128271718E-06
   44     -2.8784336837E-05  -1.8694803813E-06   1.0136354009E-04  -2.1754655661E-05   1.5119916589E-05
   45     -1.2232909759E-05   9.7996656594E-05  -1.7660902402E-05  -1.0342472604E-03   1.0828649466E-04
   46      2.0975800496E-05   3.4800067399E-04  -1.8381625857E-05   5.3545983973E-04  -9.4380038988E-05
   47     -3.4863737386E-05   1.0804112321E-05   1.5666914971E-04  -5.1238753052E-05   5.2192133410E-06
                   35                 36                 37                 38                 39        
    0     -1.1110025269E-03  -4.4369159385E-04  -1.1862204747E-04  -1.4597945062E-05  -8.5181063590E-04
    1      6.2183489657E-05  -1.6274991270E-04  -1.5409167044E-03   5.1185724564E-05  -4.9289853645E-04
    2      7.3998660772E-03  -1.4653350951E-04  -5.0298275844E-05   4.5292772510E-04  -5.6504244913E-06
    3      2.3881867744E-05   4.3177032321E-03   9.1243603118E-03   9.6486578671E-05   4.3826388605E-04
    4     -8.9570014445E-05   3.1592447797E-05   4.5036564059E-03  -7.4566232254E-05  -1.2754003486E-03
    5     -1.1624471419E-03   2.4879665418E-04   7.5238234649E-04   1.4896850937E-03   4.7757195032E-05
    6     -8.6191319342E-04   2.5204177263E-03   2.2500326035E-03   1.9655589584E-04  -1.3066490030E-03
    7      2.6006111969E-03   2.3541532477E-03   3.4987107151E-03   1.5882155375E-04  -1.7484496331E-03
    8      2.8726381787E-03   1.9631801317E-04   1.6121815352E-04  -2.7384822283E-05  -1.1386387072E-04
    9     -7.9396781229E-04  -2.1899239154E-02  -9.5237253186E-03  -6.3977843061E-04   1.0358840498E-02
   10     -1.5937403209E-04  -8.0147095521E-03  -2.3575812282E-02  -5.1215829277E-04  -7.1987145160E-07
   11      7.3059328206E-03  -3.5014981520E-04  -2.7302186650E-04  -1.2555937787E-02   1.5739686560E-04
   12      5.1924627971E-04   3.7278983627E-03   6.7653941826E-04   1.5812782226E-04  -5.2083010925E-03
   13     -1.5783958267E-03   9.4191971334E-03   6.5132540490E-03   7.0750282791E-04  -2.1802088828E-03
   14      3.0502346113E-03   1.0757809139E-04   8.9748095374E-06   1.4751013086E-03  -4.2673123565E-04
   15     -5.7054861329E-03  -1.1627260903E-03   5.8223297326E-05  -1.5004193900E-04   1.8864284105E-04
   16      1.0500773635E-02  -1.0881649364E-03  -1.6136359016E-03  -5.2460924889E-05  -5.6809460497E-04
   17     -3.7630215662E-02  -1.1383099749E-04   2.6759855444E-05   3.7860197008E-04   3.9872820737E-05
   18      7.8989845816E-05  -1.0885016058E-03  -1.1967564776E-03  -4.1621636052E-05   5.0649755164E-04
   19     -2.0611667917E-05   4.5531885841E-04   6.7195802308E-04   6.1710881299E-06  -2.7860337014E-04
   20     -7.9808253620E-04  -9.3170659743E-05  -1.1793052816E-04  -1.8831585206E-04   9.3633523689E-05
   21     -1.3279789540E-05  -4.7941823793E-01  -5.4561213503E-01  -2.9608816374E-02  -1.1772641430E-02
   22     -7.6655454442E-05  -5.4663750658E-01  -6.7732048689E-01  -3.6331761830E-02  -2.7161962355E-02
   23      4.0905369435E-04  -2.9795927374E-02  -3.6486883184E-02  -2.8106875395E-02  -1.1995999587E-03
   24      4.7435909513E-05  -4.0228425807E-03  -4.5993191729E-03  -2.8359954077E-04   4.0287713591E-03
   25      1.3878177506E-04   7.3810851115E-04   1.1620050058E-03  -3.1892626502E-05  -1.1176042535E-03
   26      7.2884570047E-04  -3.4871787617E-04  -4.0695807666E-04  -8.8616859819E-05   3.4452700180E-04
   27      4.5914870005E-04  -1.4512879645E-04  -1.8903844071E-04  -7.1428297001E-06   1.0411914338E-04
   28     -9.1106076004E-05  -1.0634179016E-04  -1.0980806196E-04   6.1556531412E-06   1.0757981535E-04
   29     -4.1921435318E-03  -1.2439397933E-05  -8.6367504514E-06   7.2810062027E-05  -1.4774778715E-05
   30      4.5354934299E-04   4.3120299126E-04   4.5846025893E-04   3.1672875202E-05  -1.0868975931E-04
   31     -2.4069068118E-05  -7.1685868540E-04  -1.0020231662E-03  -4.2154144020E-05   3.4006300016E-04
   32     -4.1235753586E-03   5.0516813185E-05   3.6062605476E-05  -1.3655682771E-04  -1.7573057658E-05
   33      6.9842408240E-03   8.9620624949E-05  -8.9819429383E-06   2.1116175758E-05  -3.5010274688E-04
   34     -1.1288258460E-02   4.6398718551E-04   3.3216706731E-04   2.1236054246E-05  -4.9474011270E-04
   35      2.6755617104E-02   2.6585271584E-05   1.5388491159E-06  -1.4097699429E-04  -1.7197649821E-05
   36      2.6585271584E-05   7.9221429313E-01   8.4377502875E-01   4.7312405733E-02  -2.9881680910E-01
   37      1.5388491159E-06   8.4377502875E-01   1.0980688949E+00   5.6141659480E-02  -2.9968429380E-01
   38     -1.4097699429E-04   4.7312405733E-02   5.6141659480E-02   8.0581362392E-02  -1.7288219517E-02
