
$orca_hessian_file

$act_atom
  0

$act_coord
  0

$act_energy
     -548.574265

$hessian
9
                    0                  1                  2                  3                  4        
    0      5.0310705528E-04  -6.5362827121E-08  -3.6984407020E-09  -3.6235000876E-04  -2.6000445826E-09
    1     -6.5362827121E-08   8.3646926066E-01  -1.2752117492E-07  -1.1970847302E-08  -4.1826124231E-01
    2     -3.6984407020E-09  -1.2752117492E-07   4.2429403556E-01  -2.1685074315E-07   2.1513362109E-01
    3     -3.6235000876E-04  -1.1970847302E-08  -2.1685074315E-07   4.4151586258E-04  -3.6652371919E-08
    4     -2.6000445826E-09  -4.1826124231E-01   2.1513362109E-01  -3.6652371919E-08   4.5074856021E-01
    5     -5.8157491550E-08   2.5444152072E-01  -2.1216367221E-01   9.4493807946E-08  -2.3479208514E-01
    6     -3.6227087803E-04  -6.4827399550E-09  -2.3199583346E-07   3.1572577846E-05  -1.0195756348E-07
    7      5.8473615718E-08  -4.1826118093E-01  -2.1513357646E-01   5.1055060307E-08  -3.2460731028E-02
    8      4.3997827716E-08  -2.5444144246E-01  -2.1216357234E-01   1.1473800542E-07   1.9653944347E-02
                    5                  6                  7                  8        
     0     -5.8157491550E-08  -3.6227087803E-04   5.8473615718E-08   4.3997827716E-08
     1      2.5444152072E-01  -6.4827399550E-09  -4.1826118093E-01  -2.5444144246E-01
     2     -2.1216367221E-01  -2.3199583346E-07  -2.1513357646E-01  -2.1216357234E-01
     3      9.4493807946E-08   3.1572577846E-05   5.1055060307E-08   1.1473800542E-07
     4     -2.3479208514E-01  -1.0195756348E-07  -3.2460731028E-02   1.9653944347E-02
     5      1.8352656387E-01   1.6118385830E-07  -1.9653930982E-02   2.8653686481E-02
     6      1.6118385830E-07   4.4147370434E-04   1.1549975434E-07   9.6313588918E-08
     7     -1.9653930982E-02   1.1549975434E-07   4.5074848770E-01   2.3479207635E-01
     8      2.8653686481E-02   9.6313588918E-08   2.3479207635E-01   1.8352651670E-01

$vibrational_frequencies
9
    0        0.000000
    1        0.000000
    2        0.000000
    3        0.000000
    4        0.000000
    5        0.000000
    6      494.668889
    7     1120.156404
    8     1279.864091

$normal_modes
9 9
                    0                  1                  2                  3                  4        
    0      0.0000000000E+00   0.0000000000E+00   0.0000000000E+00   0.0000000000E+00   0.0000000000E+00
    1      0.0000000000E+00   0.0000000000E+00   0.0000000000E+00   0.0000000000E+00   0.0000000000E+00
    2      0.0000000000E+00   0.0000000000E+00   0.0000000000E+00   0.0000000000E+00   0.0000000000E+00
    3      0.0000000000E+00   0.0000000000E+00   0.0000000000E+00   0.0000000000E+00   0.0000000000E+00
    4      0.0000000000E+00   0.0000000000E+00   0.0000000000E+00   0.0000000000E+00   0.0000000000E+00
    5      0.0000000000E+00   0.0000000000E+00   0.0000000000E+00   0.0000000000E+00   0.0000000000E+00
    6      0.0000000000E+00   0.0000000000E+00   0.0000000000E+00   0.0000000000E+00   0.0000000000E+00
    7      0.0000000000E+00   0.0000000000E+00   0.0000000000E+00   0.0000000000E+00   0.0000000000E+00
    8      0.0000000000E+00   0.0000000000E+00   0.0000000000E+00   0.0000000000E+00   0.0000000000E+00
                    5                  6                  7                  8        
     0      0.0000000000E+00   1.9051628336E-17  -9.6405490835E-18  -6.3138932319E-17
     1      0.0000000000E+00   1.4576754705E-08  -1.8337414784E-07   5.1709480821E-01
     2      0.0000000000E+00   3.9861345724E-01  -3.5704268903E-01  -1.5460178345E-07
     3      0.0000000000E+00  -1.9220969247E-17  -4.1412216906E-17   1.3681922513E-16
     4      0.0000000000E+00  -5.1170044093E-01  -5.5580758010E-01  -5.1680796639E-01
     5      0.0000000000E+00  -3.9839217166E-01   3.5684437723E-01   3.1498621487E-01
     6      0.0000000000E+00  -1.8861135698E-17   6.0682611828E-17  -1.0611459350E-17
     7      0.0000000000E+00   5.1170041179E-01   5.5580794664E-01  -5.1680755486E-01
     8      0.0000000000E+00  -3.9839218943E-01   3.5684460064E-01  -3.1498590584E-01

#
# The atoms: label  mass x y z (in bohrs)
#
$atoms
3
 S     31.97207      0.000000000000    -0.000000000020     0.735605611808
 O     15.99491      0.000000000000     2.373405129243    -0.710946836216
 O     15.99491      0.000000000000    -2.373405129223    -0.710946836195

$actual_temperature
  0.000000

$frequency_scale_factor
  1.000000

$dipole_derivatives
9
    5.3937059060E-01   -6.7108799854E-08    5.9627779381E-07
    7.2089708431E-10    2.0075554729E+00   -3.7895603322E-07
    2.3780463444E-09   -4.8764160289E-06    1.0416527527E+00
   -2.6566439041E-01    1.1252275917E-07   -1.6716800610E-06
   -3.5612390550E-10   -1.0040533728E+00    2.1862250925E-02
   -2.1547121031E-10    4.4868632830E-01   -5.1966491622E-01
   -2.6566588966E-01   -1.8100429792E-07   -2.0871589679E-06
   -6.9754943658E-10   -1.0040534854E+00   -2.1862171658E-02
   -3.8263543048E-09   -4.4868695701E-01   -5.1966491434E-01

#
# The IR spectrum
#  wavenumber eps Int TX TY TZ
#
$ir_spectrum
9
      0.00   0.00000000   0.00000000     0.000000     0.000000     0.000000
      0.00   0.00000000   0.00000000     0.000000     0.000000     0.000000
      0.00   0.00000000   0.00000000     0.000000     0.000000     0.000000
      0.00   0.00000000   0.00000000     0.000000     0.000000     0.000000
      0.00   0.00000000   0.00000000     0.000000     0.000000     0.000000
      0.00   0.00000000   0.00000000     0.000000     0.000000     0.000000
    494.67   0.00677697  34.24804666     0.000000    -0.000000     0.065386
   1120.16   0.00629527  31.81373181    -0.000000     0.000000    -0.041878
   1279.86   0.05294882 267.58163674     0.000000     0.113623    -0.000000


$end

