
$orca_hessian_file

$act_atom
  0

$act_coord
  0

$act_energy
     -604.148310

$hessian
48
                    0                  1                  2                  3                  4        
    0      5.5723751731E-01   6.5379430073E-02  -7.2479453026E-02  -2.2646678116E-01  -1.2110517295E-01
    1      6.5379430073E-02   6.9341955875E-01  -1.3920085341E-01  -7.4989795789E-02  -2.1021803780E-01
    2     -7.2479453026E-02  -1.3920085341E-01   1.8153005746E-01   4.0503024498E-02   5.2139171883E-02
    3     -2.2646678116E-01  -7.4989795789E-02   4.0503024498E-02   6.7225226022E-01  -2.2007244777E-02
    4     -1.2110517295E-01  -2.1021803780E-01   5.2139171883E-02  -2.2007244777E-02   7.2791522021E-01
    5      5.1359988919E-02   4.5819381538E-02  -7.6457102611E-02  -6.9445169347E-02  -1.3809369849E-01
    6     -1.1646540919E-01  -1.8156732572E-02   1.1885221881E-02   3.7811113987E-02  -1.9633974204E-02
    7      3.1105418853E-02  -3.1405526394E-01   5.5179147744E-02  -5.5276212312E-02  -3.4824044605E-02
    8      2.7572580467E-04   6.2027998667E-02  -7.5241536865E-02   8.9956650936E-03   1.2836020318E-02
    9     -5.5376943531E-02  -3.7070389928E-02   1.6548233093E-02  -2.7722335064E-01   1.1403344225E-01
   10      9.7399041238E-03   5.3454351136E-02  -1.3438263692E-02   5.5326515970E-02  -1.6115539940E-01
   11      5.4346909098E-03  -7.0233651162E-03   2.7944068140E-03   1.6147033967E-02   7.1620806571E-03
   12     -8.4342176496E-03  -1.8780455498E-02   5.0205387880E-03   1.3319124259E-02   3.3271460393E-02
   13     -1.7041795209E-02  -4.6385049255E-02   1.2311942032E-02   6.7275029323E-02  -1.2067452363E-02
   14      4.4944373746E-03   1.2137464352E-02  -7.6306839920E-03  -1.6724462985E-02   4.6370714045E-06
   15      6.3039111466E-03   7.6856439806E-02  -1.8318811816E-02  -5.5095173890E-02  -8.7510383561E-03
   16      3.3415803293E-02  -1.5626952459E-02   2.0707327061E-04  -4.0322373241E-03  -1.1405075918E-03
   17     -8.0673598810E-03  -5.7645850489E-03   7.1432503460E-03   8.1077802261E-03   8.1483955606E-04
   18      9.9252910125E-03  -2.2252134846E-02   4.3558651341E-03  -6.1007286358E-02   4.1437249568E-02
   19      2.7066148106E-03  -1.3416059772E-02   3.6436936191E-03   4.2404237981E-02  -3.2648477852E-01
   20     -1.4845455509E-03   7.0297568657E-03   2.1356310252E-03  -6.3797388850E-03   6.2700529968E-02
   21     -3.0454818782E-03   1.0296315499E-03   5.2967669484E-04   2.9659546067E-03  -7.3555980444E-03
   22      5.0773077093E-05  -6.1043649751E-04   7.1121835363E-04   1.7885837343E-03   7.1707079242E-05
   23      6.9387287963E-04   6.1229132279E-04   2.1567100924E-03  -5.1556058648E-04   1.3594657566E-03
   24     -1.0192934639E-01  -1.1658696237E-04   2.7653747418E-03  -4.2530923460E-02   2.9383145314E-03
   25      4.1188356566E-04  -1.0246786549E-01   4.7468495993E-03  -3.5414404688E-03   2.1320379655E-02
   26      2.6871316295E-03   4.8775104655E-03  -8.3612539865E-02   6.3839969296E-03  -5.7515792881E-03
   27      7.2117782908E-03   1.1763718498E-03  -7.8759774965E-04   7.3766967206E-04   2.1946705283E-03
   28     -2.4911059925E-02  -1.2069994918E-02   7.0566200453E-03   2.7553868554E-03  -4.9322270432E-03
   29      5.3225979920E-03   3.5100177201E-03   1.8928785553E-03  -5.2037758463E-05   2.0748398306E-03
   30      7.7506280991E-04  -8.9379598633E-04   7.8689708894E-05   1.6470926298E-03   7.4269805650E-04
   31     -1.0943910068E-03  -1.0940008900E-03   3.6160300775E-04   1.1934927080E-04  -5.4482345467E-03
   32      1.7459907768E-04   3.6973798638E-04  -3.0273155290E-04   5.6375792322E-04   2.5020246245E-03
   33     -4.9858790805E-03   1.2901799428E-03   1.3522968553E-03  -1.1366747663E-03  -3.3142792310E-04
   34      2.4146146834E-03   1.5246567701E-03   9.8978024272E-04  -2.7381864053E-04   6.4247668692E-04
   35      1.0893944419E-03   1.1264609387E-03   6.7353818663E-03   5.7150964496E-05  -3.7400372012E-04
   36      1.0598738945E-04   7.4126088049E-03  -1.0771379791E-03  -5.3113149079E-02  -2.5409113696E-02
   37      9.0164605484E-04  -9.6436058914E-04   1.3353621694E-03  -2.5535872500E-03   1.0317391843E-02
   38      5.1837465873E-04   4.8754440414E-04   5.1529563169E-03   8.4348721678E-03   2.0717210002E-03
   39      7.3018477767E-04   5.5525528829E-04  -4.0234828693E-04  -2.8136961207E-03  -1.2573249834E-03
   40     -1.5276286711E-04   2.1581826753E-04  -3.1293192766E-04  -4.4525249626E-04  -3.5892881174E-04
   41     -2.5359693968E-04  -4.4233846579E-04  -1.0318624929E-03   5.1341059833E-04   3.3268541557E-04
   42     -3.1657345778E-03   4.5158534570E-02  -7.4514569981E-03  -6.4048766235E-03   2.1142572810E-03
   43      3.0876246388E-02  -4.6000076473E-02   1.1257603810E-02  -8.0032030411E-03  -3.4624914979E-03
   44     -4.1507121870E-03   9.3290264897E-03   1.8187241893E-02   2.9489837002E-03   8.3962790964E-04
   45     -6.2349561156E-02  -2.6554615562E-02   1.7459435772E-02  -2.7543323756E-03   9.1092039892E-03
   46     -1.2899617104E-02   1.4346093055E-02   3.0306570875E-03   1.2835053406E-03  -3.0260939672E-04
   47      1.4275700427E-02   4.8718078619E-03   1.6591391689E-02   4.2778873988E-04  -5.5373502450E-04
                    5                  6                  7                  8                  9        
    0      5.1359988919E-02  -1.1646540919E-01   3.1105418853E-02   2.7572580467E-04  -5.5376943531E-02
    1      4.5819381538E-02  -1.8156732572E-02  -3.1405526394E-01   6.2027998667E-02  -3.7070389928E-02
    2     -7.6457102611E-02   1.1885221881E-02   5.5179147744E-02  -7.5241536865E-02   1.6548233093E-02
    3     -6.9445169347E-02   3.7811113987E-02  -5.5276212312E-02   8.9956650936E-03  -2.7722335064E-01
    4     -1.3809369849E-01  -1.9633974204E-02  -3.4824044605E-02   1.2836020318E-02   1.1403344225E-01
    5      1.6959278335E-01   6.1072291898E-04   1.7699404289E-02   4.1039439673E-03   2.3791750267E-03
    6      6.1072291898E-04   7.1780166780E-01   2.7466708057E-02  -8.7139196033E-02  -2.0105445902E-02
    7      1.7699404289E-02   2.7466708057E-02   6.5825004518E-01  -1.2829230101E-01   3.3164753620E-02
    8      4.1039439673E-03  -8.7139196033E-02  -1.2829230101E-01   1.6985604627E-01  -5.6891473701E-03
    9      2.3791750267E-03  -2.0105445902E-02   3.3164753620E-02  -5.6891473701E-03   6.6756303255E-01
   10      1.5170651656E-02   3.2209581611E-02  -3.9608193953E-02   3.8406809513E-03  -2.3384882211E-02
   11     -6.8348955823E-02  -5.4702801234E-03   3.7097638609E-03  -4.6453681534E-03  -6.6018082294E-02
   12     -8.6574827436E-03  -5.5225744254E-02   4.6385974191E-03   7.2216651679E-03  -1.2802356999E-01
   13     -4.6886794806E-03  -3.3617735816E-02   5.4499873403E-02  -6.9099894119E-03   1.0946277874E-02
   14      9.3680287657E-03   1.6300636160E-02  -1.2107910923E-02   6.3055077473E-03   6.3523515087E-03
   15      9.1398740082E-03  -3.0224029791E-01   4.6579350064E-02   2.2442557456E-02   4.2530701420E-02
   16      1.5263157930E-04   1.0482572813E-01  -1.5400046362E-01   7.9512869946E-03  -2.2037600569E-02
   17     -4.0962925584E-03   8.7543525923E-03   1.5950895753E-02  -6.4085894907E-02  -9.1211926555E-05
   18     -6.2079827421E-03  -4.3597568078E-03  -2.6664451936E-03   1.9406299170E-03   1.2877412072E-04
   19      6.2589032195E-02  -2.9632502166E-03   6.1230293296E-04   1.4761312737E-03  -9.1154280651E-04
   20     -4.9560210977E-02   2.0226013432E-03   1.4384288289E-03   4.6406786635E-03   9.1406835722E-04
   21      1.6538869482E-03   3.5949506125E-03   3.2014873991E-03  -1.2935956680E-03  -8.3637158183E-02
   22      1.3961614558E-04  -1.0647131707E-03   4.4453786905E-04   1.5317959666E-05  -1.1442785809E-02
   23      1.4038315160E-03  -3.2108110409E-04  -5.9111244065E-04   4.7578835672E-05   1.1901848261E-02
   24      4.9331444809E-03  -1.0667140479E-02   2.8769686243E-02  -5.4874740439E-03   8.2887568036E-05
   25     -4.8270508413E-03   3.4609792777E-02  -1.0164398599E-02  -2.6377029159E-03  -5.5741897591E-03
   26     -9.5774699604E-04  -6.8333821896E-03  -1.8723946667E-03   5.3863815256E-05   2.5022865984E-03
   27      1.0349953869E-04  -2.3435935745E-01  -1.3051509678E-01   5.7812130964E-02  -5.1394592035E-04
   28      2.0079172910E-03  -1.2896727929E-01  -1.4939404475E-01   4.4454622125E-02   9.5962008010E-04
   29      4.6954445964E-03   5.7469394310E-02   4.4706536393E-02  -5.3343255620E-02  -2.7563872993E-04
   30      3.7661146593E-04  -1.7575583753E-03  -3.6554666751E-03   2.1257146593E-03  -3.3915590366E-03
   31      2.5633285384E-03  -3.1855633644E-03  -1.3654710401E-03   2.5078818964E-03   2.9359530345E-02
   32      4.8966394151E-03   2.0311490750E-03   2.5049764683E-03   6.6002932810E-03  -5.8152449305E-03
   33      7.1939085626E-05  -4.2492615814E-04   2.9460014323E-02  -6.4646673314E-03  -3.0704090284E-03
   34     -3.8530654415E-04  -1.6600491101E-04  -7.4657251843E-03   2.4435140614E-03  -2.6621014899E-03
   35     -1.0924443917E-03   4.8310431928E-04  -1.5762512229E-03   3.2151967051E-03   2.0902102655E-03
   36      1.3810338833E-02  -4.4673746414E-03  -3.3016750579E-03   1.3354637199E-03  -1.6699437288E-01
   37     -1.0235925357E-03  -3.1146853809E-03   1.2517298021E-03  -6.7192579916E-05  -8.4013352514E-02
   38      2.7965571711E-03   1.2101161367E-03  -3.0834914552E-05  -1.0133431000E-03   3.8386284221E-02
   39      6.6235303613E-04  -1.3867269497E-03  -2.1790929515E-03   7.0227748244E-04   2.5385440489E-02
   40      2.0795696354E-04   1.9829244287E-04  -1.2774941995E-04   2.4081916869E-05  -2.3999112160E-03
   41      1.4088504582E-04   1.8160266493E-04   3.4272900220E-04  -1.3269916961E-05  -1.8299759841E-03
   42      5.6244797221E-04  -6.2913865524E-03  -3.1022196736E-03   1.9863977404E-03   2.9744627301E-03
   43      2.1609238178E-03   5.1736599904E-03   4.0132542044E-03  -9.6791223418E-04   1.1174369825E-03
   44      6.2156840415E-04   4.5808758426E-05   1.2413514404E-04   2.9006758352E-03  -7.8955641160E-04
   45     -1.3794570796E-03  -1.5681503739E-03  -3.7214934786E-03   1.2579183917E-03  -5.6313621415E-04
   46      5.5988265244E-04   6.3817290577E-03  -8.0614597316E-03   1.2965722070E-03   1.3398285900E-04
   47      2.9002715048E-03  -1.1184307365E-03   2.7139177062E-03   6.4087806533E-04  -2.0875190117E-04
                   10                 11                 12                 13                 14        
    0      9.7399041238E-03   5.4346909098E-03  -8.4342176496E-03  -1.7041795209E-02   4.4944373746E-03
    1      5.3454351136E-02  -7.0233651162E-03  -1.8780455498E-02  -4.6385049255E-02   1.2137464352E-02
    2     -1.3438263692E-02   2.7944068140E-03   5.0205387880E-03   1.2311942032E-02  -7.6306839920E-03
    3      5.5326515970E-02   1.6147033967E-02   1.3319124259E-02   6.7275029323E-02  -1.6724462985E-02
    4     -1.6115539940E-01   7.1620806571E-03   3.3271460393E-02  -1.2067452363E-02   4.6370714045E-06
    5      1.5170651656E-02  -6.8348955823E-02  -8.6574827436E-03  -4.6886794806E-03   9.3680287657E-03
    6      3.2209581611E-02  -5.4702801234E-03  -5.5225744254E-02  -3.3617735816E-02   1.6300636160E-02
    7     -3.9608193953E-02   3.7097638609E-03   4.6385974191E-03   5.4499873403E-02  -1.2107910923E-02
    8      3.8406809513E-03  -4.6453681534E-03   7.2216651679E-03  -6.9099894119E-03   6.3055077473E-03
    9     -2.3384882211E-02  -6.6018082294E-02  -1.2802356999E-01   1.0946277874E-02   6.3523515087E-03
   10      6.1695338712E-01  -1.0819087584E-01   7.2448079327E-02  -2.8006243508E-01   4.0593777550E-02
   11     -1.0819087584E-01   1.7726881657E-01  -8.5260239465E-03   4.9204527801E-02  -7.5255605382E-02
   12      7.2448079327E-02  -8.5260239465E-03   7.3472772970E-01  -3.2026450321E-02  -7.5363582573E-02
   13     -2.8006243508E-01   4.9204527801E-02  -3.2026450321E-02   6.2850224023E-01  -1.1357601971E-01
   14      4.0593777550E-02  -7.5255605382E-02  -7.5363582573E-02  -1.1357601971E-01   1.6288784261E-01
   15     -6.6411803785E-02   1.0409974833E-02  -2.5642182840E-01  -6.4510444843E-02   4.2078228354E-02
   16     -3.5505392335E-02   1.2294114442E-02  -1.2129468652E-01  -1.9591933016E-01   4.9291475645E-02
   17      1.8414981235E-02  -1.9071484127E-04   5.5780887492E-02   4.1447388963E-02  -7.4032877724E-02
   18      2.7991514963E-02  -5.8555060840E-03  -4.9732830355E-03   1.3203228643E-03   1.1436266364E-03
   19     -5.9578683669E-03   2.7509316917E-03   1.5117637342E-03   9.3148008217E-04   1.1324602278E-03
   20     -1.1357782793E-03   5.4909584653E-03   1.1188667399E-03   9.5880963777E-04   5.4751695460E-03
   21      2.0458428301E-02   4.4109567155E-03   1.6997958620E-02   1.0723124149E-02  -5.5096804659E-03
   22     -9.1635504960E-03  -5.9241241654E-05  -1.0401280382E-02  -2.1600366613E-03   2.0227143273E-03
   23     -4.2992327636E-03  -1.6452678607E-02   2.4092681892E-04  -6.8854602529E-04   1.0357228353E-03
   24     -8.7508415018E-03   3.4286930028E-03  -7.1527736618E-04  -1.0022774731E-03   1.1924709743E-04
   25      1.4588606209E-03   2.6121052738E-03  -1.7974153790E-03  -4.4545620587E-03   9.0198411990E-04
   26      3.1628647145E-03   8.3439510922E-03   3.1301992487E-04   7.3636324837E-04  -1.7643126348E-03
   27      9.0535153731E-04  -2.7467635344E-04  -3.1856539955E-03   3.2815201038E-03   8.3829761655E-04
   28     -6.9243171440E-04  -1.8644047947E-04   3.2334530024E-03  -1.7261659073E-04   1.4345460243E-03
   29     -1.6989326516E-04  -8.3161681592E-04   6.7354861060E-04   1.3084085835E-03   6.8822728063E-03
   30     -2.6591697263E-03   1.6819717393E-03  -2.9209438970E-01   1.0144685212E-01   1.1158297900E-02
   31     -7.7761656275E-03  -1.1811315813E-03   9.9650436801E-02  -9.8593826187E-02   1.2329456992E-03
   32      3.0951426554E-03   4.4078457075E-03   1.1556814523E-02   9.9391812371E-04  -3.7170790513E-02
   33     -2.0972742144E-03   1.9541133196E-03   7.1655866722E-03  -2.5226777640E-02   5.3140342607E-03
   34      1.1371023818E-03   1.8745760186E-03   4.6792434976E-03  -1.3485456145E-02   3.2142565490E-03
   35      1.8011150003E-03   6.8991588901E-03  -1.6909358167E-03   7.2738557345E-03   1.3355584219E-03
   36     -1.2230785675E-01   4.7304168516E-02  -1.5996986982E-02  -2.1359476914E-02   8.3942404915E-03
   37     -1.3310012424E-01   3.5671655861E-02  -3.8033974423E-02  -3.3122529312E-02   1.4614815648E-02
   38      4.0905533299E-02  -4.4822301365E-02   1.2087487105E-02   1.2387959422E-02   2.5424669671E-03
   39      4.2415986868E-03  -3.3544412195E-03  -6.4686959252E-03  -4.1672138941E-04   1.3111784717E-03
   40      1.5973186659E-03   1.7163846189E-03   2.2516489580E-03   1.0105465364E-03  -6.1426723192E-04
   41      8.2560108410E-04   7.4840202009E-03   2.9964557051E-04  -2.9846621108E-04  -4.7202394366E-04
   42      1.5161987293E-03  -9.1609505547E-04  -1.8900000837E-04   1.3337735619E-03  -2.4594612679E-04
   43     -1.7446712233E-03   1.5376794383E-05  -6.1075808796E-04   7.1296195109E-04   7.6687514735E-06
   44     -7.3933214648E-05  -9.0856651366E-04   1.9899544897E-04  -2.9220376832E-04   2.7745556417E-04
   45      1.1128554559E-03  -4.0253034292E-04  -5.3856477040E-04  -1.1050707613E-03   3.4018297578E-04
   46      5.8188171896E-04  -4.9902986054E-04   1.3776095439E-03   8.4740054081E-04  -3.2497795969E-04
   47     -6.4744355051E-04  -1.2748776806E-03  -2.3148202348E-04  -9.1454449002E-06   1.9509340950E-04
                   15                 16                 17                 18                 19        
    0      6.3039111466E-03   3.3415803293E-02  -8.0673598810E-03   9.9252910125E-03   2.7066148106E-03
    1      7.6856439806E-02  -1.5626952459E-02  -5.7645850489E-03  -2.2252134846E-02  -1.3416059772E-02
    2     -1.8318811816E-02   2.0707327061E-04   7.1432503460E-03   4.3558651341E-03   3.6436936191E-03
    3     -5.5095173890E-02  -4.0322373241E-03   8.1077802261E-03  -6.1007286358E-02   4.2404237981E-02
    4     -8.7510383561E-03  -1.1405075918E-03   8.1483955606E-04   4.1437249568E-02  -3.2648477852E-01
    5      9.1398740082E-03   1.5263157930E-04  -4.0962925584E-03  -6.2079827421E-03   6.2589032195E-02
    6     -3.0224029791E-01   1.0482572813E-01   8.7543525923E-03  -4.3597568078E-03  -2.9632502166E-03
    7      4.6579350064E-02  -1.5400046362E-01   1.5950895753E-02  -2.6664451936E-03   6.1230293296E-04
    8      2.2442557456E-02   7.9512869946E-03  -6.4085894907E-02   1.9406299170E-03   1.4761312737E-03
    9      4.2530701420E-02  -2.2037600569E-02  -9.1211926555E-05   1.2877412072E-04  -9.1154280651E-04
   10     -6.6411803785E-02  -3.5505392335E-02   1.8414981235E-02   2.7991514963E-02  -5.9578683669E-03
   11      1.0409974833E-02   1.2294114442E-02  -1.9071484127E-04  -5.8555060840E-03   2.7509316917E-03
   12     -2.5642182840E-01  -1.2129468652E-01   5.5780887492E-02  -4.9732830355E-03   1.5117637342E-03
   13     -6.4510444843E-02  -1.9591933016E-01   4.1447388963E-02   1.3203228643E-03   9.3148008217E-04
   14      4.2078228354E-02   4.9291475645E-02  -7.4032877724E-02   1.1436266364E-03   1.1324602278E-03
   15      6.5301420084E-01  -2.7383594831E-02  -6.5384723931E-02  -1.2500339077E-03   9.2518017295E-05
   16     -2.7383594831E-02   7.0736520226E-01  -1.3209470677E-01  -1.5873936827E-04   7.6630303629E-04
   17     -6.5384723931E-02  -1.3209470677E-01   1.6876743914E-01   6.2381698377E-05  -4.3428562634E-04
   18     -1.2500339077E-03  -1.5873936827E-04   6.2381698377E-05   6.0690493150E-02  -4.6375984723E-02
   19      9.2518017295E-05   7.6630303629E-04  -4.3428562634E-04  -4.6375984723E-02   3.4497667723E-01
   20      2.4506070447E-06  -3.9800811327E-04  -9.7354422362E-04   5.9163776161E-03  -6.8950099082E-02
   21     -2.2422688937E-03   1.4968425850E-03   1.1623275136E-04  -1.3105533131E-03   3.1912892858E-04
   22      2.2821807612E-03  -8.7681385936E-04   1.3724069804E-04  -1.7926365854E-04   3.0204089300E-04
   23     -5.1253009577E-05   1.8460667281E-04   9.5599299093E-04   1.0586937234E-04  -3.3740374590E-04
   24      8.6554925575E-03  -2.0579677543E-03   4.9481979988E-04   1.0736204709E-03   9.0800138253E-04
   25     -6.1884198277E-04  -7.6092153607E-03   3.9399342726E-03  -2.7939872232E-03  -3.4898388910E-03
   26      1.4277387165E-04   4.1216655148E-03   7.7993867959E-03  -1.2219178465E-04  -4.6155549114E-04
   27     -1.5439851127E-02  -1.6388475585E-02   6.3887184320E-03   5.9274449536E-04   2.9824835291E-04
   28      1.1517726607E-02   1.1689533745E-02  -3.5736357700E-03  -1.3507428154E-03  -4.8208226323E-04
   29     -1.6356190396E-04   2.2353457074E-04   3.1218530153E-03   3.5415251946E-04   2.7358036618E-04
   30     -1.7382695063E-02   1.1481632825E-02   9.9084361168E-05  -9.9143058905E-05   2.6184645369E-06
   31     -1.7863920090E-02   1.1171339734E-02   5.1844419958E-04   1.3800157712E-03  -1.8693872078E-04
   32      7.0774302981E-03  -3.4239127735E-03   2.8836812469E-03  -3.2051224091E-04   2.2058259346E-05
   33     -6.3513882332E-02   4.0257063010E-02  -5.7032814163E-03   1.5981250613E-05   2.1759483568E-05
   34      4.0108488932E-02  -3.1885984622E-01   6.0860716215E-02   4.5667099575E-05   4.4579650639E-06
   35     -5.6786293179E-03   6.0832446646E-02  -4.9738953078E-02  -1.0006040745E-04  -1.4981565859E-04
   36      5.8172897721E-03   7.8191843248E-04  -2.8193720105E-04   2.4539290478E-03  -1.1016477845E-03
   37      8.2736949957E-03  -2.6453451706E-03   7.0942437759E-04  -5.8619021170E-04   4.6974162451E-04
   38     -2.0169675275E-03   1.7270866586E-03   5.0550295018E-03  -6.9554777341E-04  -8.5308433986E-04
   39     -2.9039478050E-04  -1.3452609014E-03   2.5900230882E-04   9.6706556974E-04  -4.4779089027E-04
   40     -5.1115746086E-04   1.7565155870E-05  -7.5596120419E-05   1.8136454088E-04  -1.0279782247E-04
   41      4.4390822726E-05   4.2915898811E-05  -5.9862560372E-04  -1.1900792692E-04   2.0635563564E-04
   42     -1.3486012631E-03   2.7232804041E-03  -6.5637881841E-04  -3.9099351670E-03   3.4317812116E-03
   43      1.7291160952E-03  -1.2221442738E-03  -3.0675631278E-04   2.3289668839E-03   1.5620726802E-03
   44     -4.0734926502E-04  -4.3709232588E-04  -1.3219703726E-03  -2.1951373088E-05  -8.1267603557E-04
   45     -1.0826622912E-03  -3.9977805627E-04   1.4620867064E-04   1.0888559370E-03   1.6131177086E-05
   46     -1.7034669995E-03   2.2185866936E-03  -4.5777373709E-04   1.6597226331E-03   4.5128026428E-04
   47      4.2429280840E-04  -6.3170784422E-04  -6.4816592966E-04  -4.5956315745E-04   2.1773145125E-05
                   20                 21                 22                 23                 24        
    0     -1.4845455509E-03  -3.0454818782E-03   5.0773077093E-05   6.9387287963E-04  -1.0192934639E-01
    1      7.0297568657E-03   1.0296315499E-03  -6.1043649751E-04   6.1229132279E-04  -1.1658696237E-04
    2      2.1356310252E-03   5.2967669484E-04   7.1121835363E-04   2.1567100924E-03   2.7653747418E-03
    3     -6.3797388850E-03   2.9659546067E-03   1.7885837343E-03  -5.1556058648E-04  -4.2530923460E-02
    4      6.2700529968E-02  -7.3555980444E-03   7.1707079242E-05   1.3594657566E-03   2.9383145314E-03
    5     -4.9560210977E-02   1.6538869482E-03   1.3961614558E-04   1.4038315160E-03   4.9331444809E-03
    6      2.0226013432E-03   3.5949506125E-03  -1.0647131707E-03  -3.2108110409E-04  -1.0667140479E-02
    7      1.4384288289E-03   3.2014873991E-03   4.4453786905E-04  -5.9111244065E-04   2.8769686243E-02
    8      4.6406786635E-03  -1.2935956680E-03   1.5317959666E-05   4.7578835672E-05  -5.4874740439E-03
    9      9.1406835722E-04  -8.3637158183E-02  -1.1442785809E-02   1.1901848261E-02   8.2887568036E-05
   10     -1.1357782793E-03   2.0458428301E-02  -9.1635504960E-03  -4.2992327636E-03  -8.7508415018E-03
   11      5.4909584653E-03   4.4109567155E-03  -5.9241241654E-05  -1.6452678607E-02   3.4286930028E-03
   12      1.1188667399E-03   1.6997958620E-02  -1.0401280382E-02   2.4092681892E-04  -7.1527736618E-04
   13      9.5880963777E-04   1.0723124149E-02  -2.1600366613E-03  -6.8854602529E-04  -1.0022774731E-03
   14      5.4751695460E-03  -5.5096804659E-03   2.0227143273E-03   1.0357228353E-03   1.1924709743E-04
   15      2.4506070447E-06  -2.2422688937E-03   2.2821807612E-03  -5.1253009577E-05   8.6554925575E-03
   16     -3.9800811327E-04   1.4968425850E-03  -8.7681385936E-04   1.8460667281E-04  -2.0579677543E-03
   17     -9.7354422362E-04   1.1623275136E-04   1.3724069804E-04   9.5599299093E-04   4.9481979988E-04
   18      5.9163776161E-03  -1.3105533131E-03  -1.7926365854E-04   1.0586937234E-04   1.0736204709E-03
   19     -6.8950099082E-02   3.1912892858E-04   3.0204089300E-04  -3.3740374590E-04   9.0800138253E-04
   20      4.0208399954E-02  -7.0185122566E-05  -2.5819908181E-04  -7.9598360846E-04  -1.0121224927E-03
   21     -7.0185122566E-05   1.7705280177E+00   1.8913593313E-02  -2.3003884113E-01  -6.4558776597E-03
   22     -2.5819908181E-04   1.8913593313E-02   1.3866645119E-01  -9.3674035773E-03   4.3267743592E-04
   23     -7.9598360846E-04  -2.3003884113E-01  -9.3674035773E-03   1.4454973620E-01   7.9966051777E-04
   24     -1.0121224927E-03  -6.4558776597E-03   4.3267743592E-04   7.9966051777E-04   6.5412913260E-01
   25      1.1954787159E-04   1.8231936480E-03   3.7049789892E-04  -1.9704662189E-04   9.0642547944E-02
   26     -4.5559280629E-03   4.5299520223E-04  -1.3184019973E-04   1.9952258313E-05  -7.9424452668E-02
   27     -2.8258126826E-05  -5.0906092848E-04   7.6836750597E-05  -4.3817944383E-06  -3.4610982561E-04
   28      5.0260339573E-04  -1.3718714611E-04  -3.8795700143E-05  -3.9785115066E-05  -4.4149030453E-03
   29      7.3959133629E-04   5.8785146015E-05  -4.5003080339E-05  -1.6864180935E-04   4.9098569895E-04
   30     -7.6067022632E-06   9.3035964369E-04   5.8928447958E-04  -3.1945861904E-04  -2.4443080408E-04
   31     -1.6601001724E-04  -5.3722581937E-04  -9.9120283828E-04   1.7375695494E-04  -8.3046042548E-05
   32     -6.3753448930E-05  -1.1708668104E-04   1.7313127030E-05  -5.2211358989E-04  -2.0144321740E-04
   33     -9.5630051898E-05   1.0566441590E-03  -2.9684321946E-04  -8.6835319748E-05   9.8211122178E-04
   34     -1.4738675523E-04   8.2738441857E-04  -2.1396700214E-04  -9.9336774903E-05  -6.0969714215E-04
   35     -5.9260533521E-04  -3.5530012408E-04   6.8190376807E-05  -6.2463027500E-05   1.0416366605E-04
   36     -5.6349495897E-04  -7.8298053407E-01   2.6083948032E-02   9.4147678515E-02   4.1964891467E-03
   37     -8.9444423335E-04  -1.2229192530E-02  -6.1218098838E-02   6.7108978231E-03   1.3863971916E-03
   38     -3.4276270909E-03   1.0348071719E-01   1.5032468695E-03  -5.4688925003E-02  -8.2683498411E-04
   39      5.9911282021E-05  -9.2103638563E-01  -2.6692361497E-02   1.2409422037E-01   3.9416298016E-03
   40      1.0356696211E-04  -3.6365441919E-02  -6.4305664108E-02   6.3579889333E-03   1.5993136669E-04
   41      3.9645532998E-04   1.2644641782E-01   5.0492393385E-03  -7.7290720404E-02  -5.7046226744E-04
   42     -3.0112446127E-04   2.4596248454E-03  -2.6312479636E-05  -3.1596311496E-04  -1.4162801760E-01
   43     -6.9750905294E-04  -1.8353743148E-03  -2.2916937690E-04   1.8727726222E-04   5.4567028425E-02
   44      1.8959355225E-04   1.3383157581E-04   6.4155320999E-05  -1.3962414283E-07  -3.8421940932E-03
   45     -7.2351013263E-05   3.2216955968E-03  -3.3625137345E-04  -3.4816634903E-04  -3.6869188184E-01
   46     -1.9339251246E-04   6.0495007503E-05  -1.4389711075E-04  -1.9352707912E-06  -1.6231461167E-01
   47      6.5483078543E-04  -3.0235026975E-04   5.4403631233E-05  -1.2926973253E-04   7.8197236208E-02
                   25                 26                 27                 28                 29        
    0      4.1188356566E-04   2.6871316295E-03   7.2117782908E-03  -2.4911059925E-02   5.3225979920E-03
    1     -1.0246786549E-01   4.8775104655E-03   1.1763718498E-03  -1.2069994918E-02   3.5100177201E-03
    2      4.7468495993E-03  -8.3612539865E-02  -7.8759774965E-04   7.0566200453E-03   1.8928785553E-03
    3     -3.5414404688E-03   6.3839969296E-03   7.3766967206E-04   2.7553868554E-03  -5.2037758463E-05
    4      2.1320379655E-02  -5.7515792881E-03   2.1946705283E-03  -4.9322270432E-03   2.0748398306E-03
    5     -4.8270508413E-03  -9.5774699604E-04   1.0349953869E-04   2.0079172910E-03   4.6954445964E-03
    6      3.4609792777E-02  -6.8333821896E-03  -2.3435935745E-01  -1.2896727929E-01   5.7469394310E-02
    7     -1.0164398599E-02  -1.8723946667E-03  -1.3051509678E-01  -1.4939404475E-01   4.4706536393E-02
    8     -2.6377029159E-03   5.3863815256E-05   5.7812130964E-02   4.4454622125E-02  -5.3343255620E-02
    9     -5.5741897591E-03   2.5022865984E-03  -5.1394592035E-04   9.5962008010E-04  -2.7563872993E-04
   10      1.4588606209E-03   3.1628647145E-03   9.0535153731E-04  -6.9243171440E-04  -1.6989326516E-04
   11      2.6121052738E-03   8.3439510922E-03  -2.7467635344E-04  -1.8644047947E-04  -8.3161681592E-04
   12     -1.7974153790E-03   3.1301992487E-04  -3.1856539955E-03   3.2334530024E-03   6.7354861060E-04
   13     -4.4545620587E-03   7.3636324837E-04   3.2815201038E-03  -1.7261659073E-04   1.3084085835E-03
   14      9.0198411990E-04  -1.7643126348E-03   8.3829761655E-04   1.4345460243E-03   6.8822728063E-03
   15     -6.1884198277E-04   1.4277387165E-04  -1.5439851127E-02   1.1517726607E-02  -1.6356190396E-04
   16     -7.6092153607E-03   4.1216655148E-03  -1.6388475585E-02   1.1689533745E-02   2.2353457074E-04
   17      3.9399342726E-03   7.7993867959E-03   6.3887184320E-03  -3.5736357700E-03   3.1218530153E-03
   18     -2.7939872232E-03  -1.2219178465E-04   5.9274449536E-04  -1.3507428154E-03   3.5415251946E-04
   19     -3.4898388910E-03  -4.6155549114E-04   2.9824835291E-04  -4.8208226323E-04   2.7358036618E-04
   20      1.1954787159E-04  -4.5559280629E-03  -2.8258126826E-05   5.0260339573E-04   7.3959133629E-04
   21      1.8231936480E-03   4.5299520223E-04  -5.0906092848E-04  -1.3718714611E-04   5.8785146015E-05
   22      3.7049789892E-04  -1.3184019973E-04   7.6836750597E-05  -3.8795700143E-05  -4.5003080339E-05
   23     -1.9704662189E-04   1.9952258313E-05  -4.3817944383E-06  -3.9785115066E-05  -1.6864180935E-04
   24      9.0642547944E-02  -7.9424452668E-02  -3.4610982561E-04  -4.4149030453E-03   4.9098569895E-04
   25      8.4163435415E-01  -1.5647191314E-01  -5.8135316227E-04  -2.0545997948E-03  -4.9586034641E-04
   26     -1.5647191314E-01   2.7728079536E-01  -4.2221789992E-04   4.8369354041E-05  -4.3863213231E-03
   27     -5.8135316227E-04  -4.2221789992E-04   2.4876441126E-01   1.3827365079E-01  -6.2988333868E-02
   28     -2.0545997948E-03   4.8369354041E-05   1.3827365079E-01   1.5383300062E-01  -4.9180159754E-02
   29     -4.9586034641E-04  -4.3863213231E-03  -6.2988333868E-02  -4.9180159754E-02   4.5033966526E-02
   30     -1.1620010864E-04  -7.6849285796E-05  -7.7656790934E-04   6.3518118355E-04  -3.9802318916E-05
   31     -7.7201320702E-04  -1.0732365831E-04  -8.0026233089E-04   4.6361615044E-04   1.8445733773E-06
   32     -9.5850173839E-05  -1.1777209416E-03   2.7008558314E-04  -2.1009556381E-04   2.2450217151E-05
   33      1.5518885748E-03  -4.0200974795E-04   9.6074632625E-04  -5.1513507543E-04  -5.8128707178E-04
   34     -2.1783944972E-04   3.1090153391E-04  -2.2421574479E-04   4.2683316050E-04  -1.0460784937E-03
   35      7.0863106924E-06   6.9949761552E-04  -6.4296674516E-04  -1.0099453871E-03  -3.8599833451E-03
   36     -3.9986746470E-03   4.9740794750E-04   4.0413808543E-04  -4.1863112450E-05  -1.4016632152E-04
   37     -1.2557168532E-03   2.5352830706E-04  -3.6531986214E-05   2.4589970735E-04  -2.3719677719E-04
   38      9.6811645470E-04   3.9573339973E-04  -1.5698261535E-04  -2.3816554488E-04  -7.0597054802E-04
   39     -1.7519511355E-03  -1.2890243256E-04   3.0646371615E-04  -1.3869041273E-05  -1.4064144386E-05
   40     -8.8569900835E-05  -2.6390613322E-05  -1.8751688907E-05  -1.3601971000E-05   3.8311361382E-05
   41      2.4017160599E-04  -9.2715726216E-05  -4.2330136867E-06   4.6028492361E-05   1.2427733904E-04
   42      6.1859496010E-02  -5.5483583173E-03   1.5268355705E-05   5.8727620174E-04  -7.0648682485E-05
   43     -4.8271947855E-01   8.8238945442E-02  -1.0434491781E-03   1.6291006478E-03  -1.2243290654E-04
   44      8.7211833661E-02  -9.5968384195E-02   3.0323345449E-04  -3.5238651804E-04   5.5328516845E-04
   45     -1.7002325865E-01   7.9975617291E-02  -3.9101886652E-03   2.3615676467E-03  -3.0216688358E-05
   46     -2.4934034536E-01   6.2959231797E-02   3.4794962379E-03   1.5898076868E-03  -8.5821350148E-04
   47      6.3981139681E-02  -1.0201301505E-01  -2.8465243369E-04  -6.8725364724E-04   1.8663474779E-04
                   30                 31                 32                 33                 34        
    0      7.7506280991E-04  -1.0943910068E-03   1.7459907768E-04  -4.9858790805E-03   2.4146146834E-03
    1     -8.9379598633E-04  -1.0940008900E-03   3.6973798638E-04   1.2901799428E-03   1.5246567701E-03
    2      7.8689708894E-05   3.6160300775E-04  -3.0273155290E-04   1.3522968553E-03   9.8978024272E-04
    3      1.6470926298E-03   1.1934927080E-04   5.6375792322E-04  -1.1366747663E-03  -2.7381864053E-04
    4      7.4269805650E-04  -5.4482345467E-03   2.5020246245E-03  -3.3142792310E-04   6.4247668692E-04
    5      3.7661146593E-04   2.5633285384E-03   4.8966394151E-03   7.1939085626E-05  -3.8530654415E-04
    6     -1.7575583753E-03  -3.1855633644E-03   2.0311490750E-03  -4.2492615814E-04  -1.6600491101E-04
    7     -3.6554666751E-03  -1.3654710401E-03   2.5049764683E-03   2.9460014323E-02  -7.4657251843E-03
    8      2.1257146593E-03   2.5078818964E-03   6.6002932810E-03  -6.4646673314E-03   2.4435140614E-03
    9     -3.3915590366E-03   2.9359530345E-02  -5.8152449305E-03  -3.0704090284E-03  -2.6621014899E-03
   10     -2.6591697263E-03  -7.7761656275E-03   3.0951426554E-03  -2.0972742144E-03   1.1371023818E-03
   11      1.6819717393E-03  -1.1811315813E-03   4.4078457075E-03   1.9541133196E-03   1.8745760186E-03
   12     -2.9209438970E-01   9.9650436801E-02   1.1556814523E-02   7.1655866722E-03   4.6792434976E-03
   13      1.0144685212E-01  -9.8593826187E-02   9.9391812371E-04  -2.5226777640E-02  -1.3485456145E-02
   14      1.1158297900E-02   1.2329456992E-03  -3.7170790513E-02   5.3140342607E-03   3.2142565490E-03
   15     -1.7382695063E-02  -1.7863920090E-02   7.0774302981E-03  -6.3513882332E-02   4.0108488932E-02
   16      1.1481632825E-02   1.1171339734E-02  -3.4239127735E-03   4.0257063010E-02  -3.1885984622E-01
   17      9.9084361168E-05   5.1844419958E-04   2.8836812469E-03  -5.7032814163E-03   6.0860716215E-02
   18     -9.9143058905E-05   1.3800157712E-03  -3.2051224091E-04   1.5981250613E-05   4.5667099575E-05
   19      2.6184645369E-06  -1.8693872078E-04   2.2058259346E-05   2.1759483568E-05   4.4579650639E-06
   20     -7.6067022632E-06  -1.6601001724E-04  -6.3753448930E-05  -9.5630051898E-05  -1.4738675523E-04
   21      9.3035964369E-04  -5.3722581937E-04  -1.1708668104E-04   1.0566441590E-03   8.2738441857E-04
   22      5.8928447958E-04  -9.9120283828E-04   1.7313127030E-05  -2.9684321946E-04  -2.1396700214E-04
   23     -3.1945861904E-04   1.7375695494E-04  -5.2211358989E-04  -8.6835319748E-05  -9.9336774903E-05
   24     -2.4443080408E-04  -8.3046042548E-05  -2.0144321740E-04   9.8211122178E-04  -6.0969714215E-04
   25     -1.1620010864E-04  -7.7201320702E-04  -9.5850173839E-05   1.5518885748E-03  -2.1783944972E-04
   26     -7.6849285796E-05  -1.0732365831E-04  -1.1777209416E-03  -4.0200974795E-04   3.1090153391E-04
   27     -7.7656790934E-04  -8.0026233089E-04   2.7008558314E-04   9.6074632625E-04  -2.2421574479E-04
   28      6.3518118355E-04   4.6361615044E-04  -2.1009556381E-04  -5.1513507543E-04   4.2683316050E-04
   29     -3.9802318916E-05   1.8445733773E-06   2.2450217151E-05  -5.8128707178E-04  -1.0460784937E-03
   30      3.1006728687E-01  -1.0724096855E-01  -1.3885594029E-02   7.0761917105E-04  -5.9303068372E-05
   31     -1.0724096855E-01   1.0088739412E-01  -3.3868305882E-03   1.1053101362E-04   4.9393812693E-04
   32     -1.3885594029E-02  -3.3868305882E-03   2.6480207365E-02  -6.9078907428E-04  -1.0662481020E-03
   33      7.0761917105E-04   1.1053101362E-04  -6.9078907428E-04   6.4673423668E-02  -4.3515238667E-02
   34     -5.9303068372E-05   4.9393812693E-04  -1.0662481020E-03  -4.3515238667E-02   3.3711724701E-01
   35     -6.4506622123E-04  -1.0920977301E-03  -3.7742693114E-03   4.8676563781E-03  -6.7187017737E-02
   36      1.8585991071E-03   6.6802215370E-04  -9.1400568620E-04  -7.5396934620E-04  -6.4153971279E-04
   37     -4.9379332429E-04   2.4565042851E-03  -1.2856999878E-03  -1.2413523026E-03  -8.8012941715E-04
   38     -5.8940647263E-04  -1.4608686681E-03  -2.8853493239E-03   4.0052944995E-04   2.9686215772E-04
   39     -6.5697890124E-05  -7.7125001102E-04   3.0357107367E-04  -6.1130228883E-04  -4.4599408793E-04
   40      2.3488001452E-05  -7.2431322316E-05   1.1985193228E-04   6.5806731879E-05   1.6020180229E-05
   41      7.3652072858E-05   2.2742477792E-04   3.9648621654E-04   6.8764815233E-05   7.0728284644E-05
   42     -3.8993710403E-05   1.6792501656E-04  -1.8852496498E-05  -8.3709911259E-04   2.9435829753E-04
   43      1.3749253017E-04   4.0949025625E-04  -4.5566876380E-05   6.8088407476E-04  -3.3059314392E-04
   44     -1.6999744648E-05  -9.0026302845E-05   1.2826877469E-04  -1.0844356522E-04  -6.2694527463E-05
   45     -1.2538171914E-05   7.0108723921E-05  -1.7685485210E-05  -2.2892393727E-04   2.2082779503E-04
   46      2.1041066411E-04   3.4645229959E-04  -1.1607199660E-04  -2.1770956514E-04   7.6220592691E-05
   47     -3.7220715012E-05  -8.4452783158E-05   6.2283817933E-05   8.9392326318E-05  -3.8790913437E-05
                   35                 36                 37                 38                 39        
    0      1.0893944419E-03   1.0598738945E-04   9.0164605484E-04   5.1837465873E-04   7.3018477767E-04
    1      1.1264609387E-03   7.4126088049E-03  -9.6436058914E-04   4.8754440414E-04   5.5525528829E-04
    2      6.7353818663E-03  -1.0771379791E-03   1.3353621694E-03   5.1529563169E-03  -4.0234828693E-04
    3      5.7150964496E-05  -5.3113149079E-02  -2.5535872500E-03   8.4348721678E-03  -2.8136961207E-03
    4     -3.7400372012E-04  -2.5409113696E-02   1.0317391843E-02   2.0717210002E-03  -1.2573249834E-03
    5     -1.0924443917E-03   1.3810338833E-02  -1.0235925357E-03   2.7965571711E-03   6.6235303613E-04
    6      4.8310431928E-04  -4.4673746414E-03  -3.1146853809E-03   1.2101161367E-03  -1.3867269497E-03
    7     -1.5762512229E-03  -3.3016750579E-03   1.2517298021E-03  -3.0834914552E-05  -2.1790929515E-03
    8      3.2151967051E-03   1.3354637199E-03  -6.7192579916E-05  -1.0133431000E-03   7.0227748244E-04
    9      2.0902102655E-03  -1.6699437288E-01  -8.4013352514E-02   3.8386284221E-02   2.5385440489E-02
   10      1.8011150003E-03  -1.2230785675E-01  -1.3310012424E-01   4.0905533299E-02   4.2415986868E-03
   11      6.8991588901E-03   4.7304168516E-02   3.5671655861E-02  -4.4822301365E-02  -3.3544412195E-03
   12     -1.6909358167E-03  -1.5996986982E-02  -3.8033974423E-02   1.2087487105E-02  -6.4686959252E-03
   13      7.2738557345E-03  -2.1359476914E-02  -3.3122529312E-02   1.2387959422E-02  -4.1672138941E-04
   14      1.3355584219E-03   8.3942404915E-03   1.4614815648E-02   2.5424669671E-03   1.3111784717E-03
   15     -5.6786293179E-03   5.8172897721E-03   8.2736949957E-03  -2.0169675275E-03  -2.9039478050E-04
   16      6.0832446646E-02   7.8191843248E-04  -2.6453451706E-03   1.7270866586E-03  -1.3452609014E-03
   17     -4.9738953078E-02  -2.8193720105E-04   7.0942437759E-04   5.0550295018E-03   2.5900230882E-04
   18     -1.0006040745E-04   2.4539290478E-03  -5.8619021170E-04  -6.9554777341E-04   9.6706556974E-04
   19     -1.4981565859E-04  -1.1016477845E-03   4.6974162451E-04  -8.5308433986E-04  -4.4779089027E-04
   20     -5.9260533521E-04  -5.6349495897E-04  -8.9444423335E-04  -3.4276270909E-03   5.9911282021E-05
   21     -3.5530012408E-04  -7.8298053407E-01  -1.2229192530E-02   1.0348071719E-01  -9.2103638563E-01
   22      6.8190376807E-05   2.6083948032E-02  -6.1218098838E-02   1.5032468695E-03  -2.6692361497E-02
   23     -6.2463027500E-05   9.4147678515E-02   6.7108978231E-03  -5.4688925003E-02   1.2409422037E-01
   24      1.0416366605E-04   4.1964891467E-03   1.3863971916E-03  -8.2683498411E-04   3.9416298016E-03
   25      7.0863106924E-06  -3.9986746470E-03  -1.2557168532E-03   9.6811645470E-04  -1.7519511355E-03
   26      6.9949761552E-04   4.9740794750E-04   2.5352830706E-04   3.9573339973E-04  -1.2890243256E-04
   27     -6.4296674516E-04   4.0413808543E-04  -3.6531986214E-05  -1.5698261535E-04   3.0646371615E-04
   28     -1.0099453871E-03  -4.1863112450E-05   2.4589970735E-04  -2.3816554488E-04  -1.3869041273E-05
   29     -3.8599833451E-03  -1.4016632152E-04  -2.3719677719E-04  -7.0597054802E-04  -1.4064144386E-05
   30     -6.4506622123E-04   1.8585991071E-03  -4.9379332429E-04  -5.8940647263E-04  -6.5697890124E-05
   31     -1.0920977301E-03   6.6802215370E-04   2.4565042851E-03  -1.4608686681E-03  -7.7125001102E-04
   32     -3.7742693114E-03  -9.1400568620E-04  -1.2856999878E-03  -2.8853493239E-03   3.0357107367E-04
   33      4.8676563781E-03  -7.5396934620E-04  -1.2413523026E-03   4.0052944995E-04  -6.1130228883E-04
   34     -6.7187017737E-02  -6.4153971279E-04  -8.8012941715E-04   2.9686215772E-04  -4.4599408793E-04
   35      4.0695312777E-02   2.6487729825E-04   3.8871538380E-04  -8.4834152371E-05   1.8894413026E-04
   36      2.6487729825E-04   1.0970909290E+00   1.1545409971E-01  -1.7109615701E-01  -8.2816787505E-02
   37      3.8871538380E-04   1.1545409971E-01   1.8879078949E-01  -5.1729890665E-02   1.7020459170E-02
   38     -8.4834152371E-05  -1.7109615701E-01  -5.1729890665E-02   7.1742632378E-02   1.0052825597E-02
