
$orca_hessian_file

$act_atom
  0

$act_coord
  0

$act_energy
     -859.234457

$hessian
42
                    0                  1                  2                  3                  4        
    0      5.1611776054E-01   4.2813102484E-02  -6.4417288024E-02  -2.2749317117E-01  -1.2607700131E-01
    1      4.2813102484E-02   6.0162258516E-01  -1.1944011947E-01  -7.4104421274E-02  -1.9847267386E-01
    2     -6.4417288024E-02  -1.1944011947E-01   1.5585426611E-01   4.0846641658E-02   5.0621703191E-02
    3     -2.2749317117E-01  -7.4104421274E-02   4.0846641658E-02   6.5960011769E-01  -1.8831394849E-02
    4     -1.2607700131E-01  -1.9847267386E-01   5.0621703191E-02  -1.8831394849E-02   7.2519995365E-01
    5      5.3035697011E-02   4.3511952330E-02  -7.4055748367E-02  -6.9642087682E-02  -1.3996012237E-01
    6     -1.0923368562E-01  -1.7219527105E-02   1.0999519439E-02   3.8386340368E-02  -1.9567402253E-02
    7      3.8000052845E-02  -3.0927738658E-01   5.3808470414E-02  -5.6139707041E-02  -3.2996672711E-02
    8     -2.1591817153E-03   6.1516088177E-02  -7.2448957960E-02   8.8304055549E-03   1.1970553640E-02
    9     -5.9357033651E-02  -4.1040058756E-02   1.7700790962E-02  -2.7115028443E-01   1.1639760269E-01
   10      9.3875005262E-03   5.9276850658E-02  -1.5083496939E-02   5.5515943573E-02  -1.6188037935E-01
   11      5.9219946345E-03  -8.3040414565E-03   1.4793293664E-03   1.5664207876E-02   7.7074842414E-03
   12     -7.2213910322E-03  -2.2395349623E-02   5.8192131502E-03   1.2272619792E-02   3.1635031333E-02
   13     -1.9982015359E-02  -5.1665168115E-02   1.4162521628E-02   6.7101333909E-02  -1.2542371242E-02
   14      5.3114186459E-03   1.4566581497E-02  -6.9521288507E-03  -1.6414229794E-02   4.3681341586E-04
   15      1.1711740040E-02   8.2734283644E-02  -2.0467410294E-02  -5.5508235610E-02  -6.6295664171E-03
   16      3.1967516651E-02  -1.6750246704E-02   5.1769962516E-04  -5.5014308672E-03  -1.6136085518E-03
   17     -8.6182929116E-03  -6.4159105222E-03   6.5249108788E-03   8.7800128584E-03   9.0642491709E-04
   18      6.3912993427E-03  -2.3957729481E-02   5.0879985385E-03  -6.0547206388E-02   3.7889857204E-02
   19      5.3636346745E-03  -1.2908181202E-02   2.8393423446E-03   3.8072021015E-02  -3.2500117152E-01
   20     -1.8088825708E-03   6.8498746502E-03   9.6738595293E-04  -5.1317421869E-03   6.3393309945E-02
   21     -7.8178728278E-03   2.7139312135E-03   7.7728641962E-04   3.5794105222E-03  -6.9072292003E-03
   22      4.4396664013E-05  -6.3869085716E-04   7.2531072000E-04   1.9234734716E-03   4.6256365346E-05
   23      1.4008477681E-03   3.4073626022E-04   2.2300880368E-03  -7.1855106464E-04   1.2899631085E-03
   24     -1.3298588587E-01   4.0580662750E-02   5.5662733224E-03  -4.4681440624E-02   1.7505607471E-02
   25      4.0403867100E-02  -5.7033611060E-02   2.4333782548E-03  -6.6546722732E-03   7.2454977599E-03
   26      5.7569490268E-03   2.6508087292E-03  -2.4668314710E-02   8.7163076806E-03  -3.0459295682E-03
   27      4.8659806894E-03   5.0779989077E-03  -1.6079865047E-03   1.0648130242E-03   1.5864864645E-03
   28     -2.5467817680E-02  -1.3225298600E-02   7.0543889858E-03   2.5468227726E-03  -4.9436379447E-03
   29      5.6015886878E-03   2.8785473342E-03   5.2103060033E-04   1.2723727604E-05   2.2460568970E-03
   30      5.7259001633E-04  -8.5308537284E-04   2.0435950319E-05   1.8819054321E-03   5.8604886507E-04
   31     -8.8560024277E-04  -1.2351515115E-03   2.5073900432E-04  -3.3204259375E-04  -5.2118520983E-03
   32      2.2427216698E-05   2.6925804241E-04  -7.5203851990E-04   6.6305366250E-04   2.4061725739E-03
   33     -3.8810622584E-03   1.8168028231E-03   1.0858163235E-03  -1.1329706321E-03  -3.9266532182E-04
   34      2.2104555874E-03   1.6972884088E-03   1.0111554528E-03  -1.1972023269E-04   6.6670882767E-04
   35      1.0075500659E-03   1.0844171827E-03   6.7966712276E-03  -6.0815393436E-06  -4.2104971696E-04
   36      4.1947539539E-03   5.3928277559E-03  -1.0400129810E-03  -5.3453232614E-02  -2.5740193111E-02
   37      1.9289382582E-03  -1.2266300503E-03   1.3775952029E-03  -2.8173189149E-03   9.9818006205E-03
   38     -2.3295509331E-04   9.7922354182E-04   5.4164668672E-03   8.5398093496E-03   2.2044317508E-03
   39      4.1111607422E-03  -9.4620289380E-04  -5.1169028098E-04  -3.2073611332E-03  -1.6771427284E-03
   40      5.2892465631E-05   5.1376803136E-05  -2.9889730781E-04  -4.9116580617E-04  -3.3184338877E-04
   41     -7.2108364293E-04  -1.1741500539E-04  -1.0799350590E-03   5.9975230845E-04   3.7226600395E-04
                    5                  6                  7                  8                  9        
    0      5.3035697011E-02  -1.0923368562E-01   3.8000052845E-02  -2.1591817153E-03  -5.9357033651E-02
    1      4.3511952330E-02  -1.7219527105E-02  -3.0927738658E-01   6.1516088177E-02  -4.1040058756E-02
    2     -7.4055748367E-02   1.0999519439E-02   5.3808470414E-02  -7.2448957960E-02   1.7700790962E-02
    3     -6.9642087682E-02   3.8386340368E-02  -5.6139707041E-02   8.8304055549E-03  -2.7115028443E-01
    4     -1.3996012237E-01  -1.9567402253E-02  -3.2996672711E-02   1.1970553640E-02   1.1639760269E-01
    5      1.6132836840E-01   2.6834555534E-04   1.6895489491E-02   2.4205012544E-03   1.3983157286E-03
    6      2.6834555534E-04   7.0861679658E-01   2.9682342810E-02  -8.7732937819E-02  -1.9751576346E-02
    7      1.6895489491E-02   2.9682342810E-02   6.5057344919E-01  -1.2941244690E-01   3.1256293744E-02
    8      2.4205012544E-03  -8.7732937819E-02  -1.2941244690E-01   1.6024862363E-01  -4.9476512292E-03
    9      1.3983157286E-03  -1.9751576346E-02   3.1256293744E-02  -4.9476512292E-03   6.6077340012E-01
   10      1.5994992254E-02   3.3904300369E-02  -4.1111903718E-02   4.2896610061E-03  -2.8558795085E-02
   11     -6.5588083322E-02  -5.5974482918E-03   4.6395299163E-03  -3.2398314893E-03  -6.3876248992E-02
   12     -8.0470939182E-03  -5.5310623200E-02   7.0339439623E-03   6.6355920094E-03  -1.2619614831E-01
   13     -4.3668517149E-03  -3.2703608018E-02   5.3551591243E-02  -6.8132034232E-03   1.3501718333E-02
   14      9.7816249248E-03   1.5988377605E-02  -1.2203163669E-02   6.3635087640E-03   5.2375910045E-03
   15      8.8562788376E-03  -2.9988888378E-01   4.4658082642E-02   2.3072040727E-02   3.9982196806E-02
   16      7.3417587012E-04   1.0445868099E-01  -1.5235751929E-01   8.5150411312E-03  -2.1448340806E-02
   17     -3.0604104923E-03   8.9695392426E-03   1.6664625381E-02  -6.0599296418E-02   1.4899135408E-04
   18     -5.1001245856E-03  -4.0866541877E-03  -2.4078634801E-03   1.8749037152E-03   8.8814770126E-04
   19      6.3389957867E-02  -3.1726003809E-03   5.3293438898E-04   1.6427971680E-03  -1.6701477783E-03
   20     -4.7305663336E-02   2.0470842897E-03   1.5355277967E-03   4.8971409930E-03   8.7265573178E-04
   21      1.2969247237E-03   4.9344735036E-03   2.0284645031E-03  -1.1448198817E-03  -8.2644917649E-02
   22      9.1028108861E-05  -1.0223052828E-03   4.3160618641E-04  -2.6389905534E-05  -1.1317423873E-02
   23      1.3391073843E-03  -4.2936472104E-04  -4.4604103115E-04  -7.2284264399E-05   1.1774447770E-02
   24      2.5524635950E-03  -2.3129614108E-02   1.3251798563E-02   7.2882993036E-04   4.4993232878E-03
   25      2.0392621013E-04   3.8654936671E-02  -1.3802314159E-02  -1.0182179125E-03  -9.4660138569E-04
   26      3.6926712221E-03  -5.3908844363E-03   2.2217968245E-03   4.6720462491E-03   2.1839404028E-04
   27      2.3347500779E-04  -2.3177429079E-01  -1.2871968586E-01   5.7511079174E-02  -2.5274801988E-04
   28      2.1073234447E-03  -1.2616258681E-01  -1.4762868510E-01   4.4347756281E-02   1.0519770541E-03
   29      4.9854358942E-03   5.6893916834E-02   4.4697630837E-02  -5.0545598044E-02  -3.1912899092E-04
   30      3.1953461996E-04  -1.4930579766E-03  -3.7992301380E-03   2.0544740429E-03  -3.6728962842E-03
   31      2.5059776678E-03  -3.0875663540E-03  -1.2436357414E-03   2.3983397708E-03   2.9596747459E-02
   32      4.5897008186E-03   1.9775239913E-03   2.3775544532E-03   6.3081763405E-03  -5.9942518521E-03
   33      7.3364697489E-05   1.5577678215E-04   2.9174670072E-02  -6.5013379156E-03  -3.2897766554E-03
   34     -4.4347726653E-04  -6.0948183320E-04  -8.1567695888E-03   2.7059397285E-03  -2.9036014266E-03
   35     -1.1669338871E-03   5.5315729468E-04  -1.3879792815E-03   3.1390388814E-03   2.1188309715E-03
   36      1.3961489904E-02  -5.2047300138E-03  -2.7154080175E-03   1.1468031675E-03  -1.6436140573E-01
   37     -9.3976841005E-04  -3.1209830948E-03   1.1839454979E-03  -7.9677810111E-05  -8.1249923433E-02
   38      2.7492071460E-03   1.2243203206E-03  -1.3198360232E-04  -1.0698043373E-03   3.7446446120E-02
   39      8.9937018394E-04  -2.0069134428E-03  -1.5049581741E-03   6.5079184617E-04   2.4517129945E-02
   40      2.1689927614E-04   2.2305106678E-04  -1.6615218120E-04   3.8292497543E-05  -2.3976652923E-03
   41      1.4405333862E-04   2.1215220705E-04   2.7531307548E-04   1.9829971709E-05  -1.8165377482E-03
                   10                 11                 12                 13                 14        
    0      9.3875005262E-03   5.9219946345E-03  -7.2213910322E-03  -1.9982015359E-02   5.3114186459E-03
    1      5.9276850658E-02  -8.3040414565E-03  -2.2395349623E-02  -5.1665168115E-02   1.4566581497E-02
    2     -1.5083496939E-02   1.4793293664E-03   5.8192131502E-03   1.4162521628E-02  -6.9521288507E-03
    3      5.5515943573E-02   1.5664207876E-02   1.2272619792E-02   6.7101333909E-02  -1.6414229794E-02
    4     -1.6188037935E-01   7.7074842414E-03   3.1635031333E-02  -1.2542371242E-02   4.3681341586E-04
    5      1.5994992254E-02  -6.5588083322E-02  -8.0470939182E-03  -4.3668517149E-03   9.7816249248E-03
    6      3.3904300369E-02  -5.5974482918E-03  -5.5310623200E-02  -3.2703608018E-02   1.5988377605E-02
    7     -4.1111903718E-02   4.6395299163E-03   7.0339439623E-03   5.3551591243E-02  -1.2203163669E-02
    8      4.2896610061E-03  -3.2398314893E-03   6.6355920094E-03  -6.8132034232E-03   6.3635087640E-03
    9     -2.8558795085E-02  -6.3876248992E-02  -1.2619614831E-01   1.3501718333E-02   5.2375910045E-03
   10      6.2162994282E-01  -1.0894190744E-01   7.4023252428E-02  -2.8418436702E-01   4.1815495189E-02
   11     -1.0894190744E-01   1.7748533895E-01  -9.0959774010E-03   5.0233498425E-02  -7.4396765825E-02
   12      7.4023252428E-02  -9.0959774010E-03   7.3605745193E-01  -3.5083573834E-02  -7.5841180451E-02
   13     -2.8418436702E-01   5.0233498425E-02  -3.5083573834E-02   6.3023304956E-01  -1.1571325270E-01
   14      4.1815495189E-02  -7.4396765825E-02  -7.5841180451E-02  -1.1571325270E-01   1.5629584686E-01
   15     -6.8642518168E-02   1.1145784193E-02  -2.5925667077E-01  -6.5570684989E-02   4.3332412084E-02
   16     -3.7003197798E-02   1.2510753167E-02  -1.2169965643E-01  -1.9174674418E-01   4.8697713037E-02
   17      1.8944845655E-02  -1.0068010577E-03   5.6545035288E-02   4.1110148881E-02  -7.2790359967E-02
   18      2.8746866178E-02  -6.2881608324E-03  -5.1275990220E-03   1.5096927656E-03   1.0818117776E-03
   19     -8.4693707660E-03   3.2563253325E-03   2.2072372625E-03   1.3490008107E-03   6.6065222103E-04
   20     -9.0838928289E-04   4.3909998354E-03   9.2833741177E-04   7.7455286158E-04   5.0993453199E-03
   21      2.0405221094E-02   4.0734461432E-03   1.7298255401E-02   1.0808819260E-02  -4.8281127758E-03
   22     -8.8238950031E-03  -4.7257755196E-05  -1.0335787870E-02  -2.3040872922E-03   2.0969136319E-03
   23     -4.4237197658E-03  -1.6144203762E-02   1.7524716404E-04  -7.4980695329E-04   8.4718148198E-04
   24     -5.5200161403E-03   1.3970667117E-03  -1.9966090452E-03   1.1030201691E-03  -1.3151050857E-04
   25     -1.7349783399E-03   1.8345726512E-03   1.4882401192E-03   1.5326895654E-03  -8.0235548655E-04
   26      2.6107408237E-03   4.8077252805E-03  -1.6091677612E-04  -5.5862000172E-04  -8.7729512693E-04
   27      9.8046010564E-04  -2.9809871353E-04  -3.2362948984E-03   3.8375893913E-03   5.0299373705E-04
   28     -7.8413853989E-04  -1.4069978443E-04   3.1385968897E-03   7.6419216615E-05   1.2157562075E-03
   29     -1.3854721867E-04  -7.0815263441E-04   6.7345201067E-04   1.1267560474E-03   6.6938205460E-03
   30     -2.6819366571E-03   1.5809479261E-03  -2.9133035727E-01   1.0319559956E-01   1.1009493226E-02
   31     -8.3395852155E-03  -1.3415040843E-03   1.0122842080E-01  -9.9233850995E-02   2.0624409834E-03
   32      3.1446509496E-03   3.2686147554E-03   1.1469437865E-02   1.8423767909E-03  -3.3787107341E-02
   33     -1.9840738525E-03   1.9213753551E-03   7.1660327789E-03  -2.5139044527E-02   5.3306935847E-03
   34      1.0589741003E-03   1.9110742424E-03   4.7620926682E-03  -1.3264748542E-02   3.1553197877E-03
   35      1.8009746314E-03   6.7146448633E-03  -1.7215687790E-03   7.2188342721E-03   1.3926209507E-03
   36     -1.1925779710E-01   4.6675020080E-02  -1.6381615115E-02  -2.1827035861E-02   8.3809044755E-03
   37     -1.3178835033E-01   3.5087632395E-02  -3.8405053450E-02  -3.2400409039E-02   1.4574103880E-02
   38      4.0294834169E-02  -4.4569627073E-02   1.2298500431E-02   1.2324019319E-02   2.6646477295E-03
   39      3.9393988641E-03  -3.2838102031E-03  -6.5651774426E-03  -6.5811914473E-04   9.9578039058E-04
   40      1.4371355235E-03   1.7251414562E-03   2.2157649934E-03   9.9273411543E-04  -6.2976016019E-04
   41      8.5901571612E-04   7.4275172832E-03   3.2304374290E-04  -2.2495925822E-04  -4.0824655726E-04
                   15                 16                 17                 18                 19        
    0      1.1711740040E-02   3.1967516651E-02  -8.6182929116E-03   6.3912993427E-03   5.3636346745E-03
    1      8.2734283644E-02  -1.6750246704E-02  -6.4159105222E-03  -2.3957729481E-02  -1.2908181202E-02
    2     -2.0467410294E-02   5.1769962516E-04   6.5249108788E-03   5.0879985385E-03   2.8393423446E-03
    3     -5.5508235610E-02  -5.5014308672E-03   8.7800128584E-03  -6.0547206388E-02   3.8072021015E-02
    4     -6.6295664171E-03  -1.6136085518E-03   9.0642491709E-04   3.7889857204E-02  -3.2500117152E-01
    5      8.8562788376E-03   7.3417587012E-04  -3.0604104923E-03  -5.1001245856E-03   6.3389957867E-02
    6     -2.9988888378E-01   1.0445868099E-01   8.9695392426E-03  -4.0866541877E-03  -3.1726003809E-03
    7      4.4658082642E-02  -1.5235751929E-01   1.6664625381E-02  -2.4078634801E-03   5.3293438898E-04
    8      2.3072040727E-02   8.5150411312E-03  -6.0599296418E-02   1.8749037152E-03   1.6427971680E-03
    9      3.9982196806E-02  -2.1448340806E-02   1.4899135408E-04   8.8814770126E-04  -1.6701477783E-03
   10     -6.8642518168E-02  -3.7003197798E-02   1.8944845655E-02   2.8746866178E-02  -8.4693707660E-03
   11      1.1145784193E-02   1.2510753167E-02  -1.0068010577E-03  -6.2881608324E-03   3.2563253325E-03
   12     -2.5925667077E-01  -1.2169965643E-01   5.6545035288E-02  -5.1275990220E-03   2.2072372625E-03
   13     -6.5570684989E-02  -1.9174674418E-01   4.1110148881E-02   1.5096927656E-03   1.3490008107E-03
   14      4.3332412084E-02   4.8697713037E-02  -7.2790359967E-02   1.0818117776E-03   6.6065222103E-04
   15      6.5379375800E-01  -2.2493435521E-02  -6.6792181194E-02  -1.2283651249E-03  -9.5457512400E-05
   16     -2.2493435521E-02   7.0244406000E-01  -1.3222745053E-01  -2.6004362639E-04   8.1425337361E-04
   17     -6.6792181194E-02  -1.3222745053E-01   1.6784849867E-01   9.0919238421E-05  -4.1930345062E-04
   18     -1.2283651249E-03  -2.6004362639E-04   9.0919238421E-05   6.0918491885E-02  -4.0232661284E-02
   19     -9.5457512400E-05   8.1425337361E-04  -4.1930345062E-04  -4.0232661284E-02   3.4280251846E-01
   20      4.1252537979E-05  -4.1776435420E-04  -9.6314499169E-04   4.2438784921E-03  -6.9575306007E-02
   21     -3.5155545420E-03   1.6796820275E-03  -2.8507441209E-04  -8.3317766064E-04   1.2176144309E-04
   22      2.1674037727E-03  -8.4979983435E-04   1.4012988256E-04  -1.5055791299E-04   2.9709788852E-04
   23      5.8353315574E-05   2.3451392579E-04   1.0593279432E-03   2.6452186777E-05  -2.7845719727E-04
   24      3.9643844241E-03   2.6478763530E-03  -5.5440535756E-04   6.5800487309E-04   3.1896256752E-04
   25     -4.4979427215E-03  -4.3049574377E-03   2.7774511167E-03  -8.0281589789E-04   9.0004007480E-04
   26      1.3427231026E-03   1.7192934452E-03   4.2407362025E-03  -2.4867356704E-04  -1.0862773329E-03
   27     -1.7092319965E-02  -1.7702806458E-02   6.7351932339E-03   3.8758712670E-04   1.7742289298E-04
   28      1.1334385265E-02   1.1009580251E-02  -3.7159625415E-03  -1.3040113630E-03  -5.9977562405E-04
   29     -9.2239381523E-05   2.6722995722E-04   1.8211316424E-03   3.1941862780E-04   2.3046116347E-04
   30     -1.7881248808E-02   1.1670642392E-02  -6.6839868624E-05  -5.8374167471E-05   2.5609956954E-05
   31     -1.7705541762E-02   1.1105475273E-02   2.1080509030E-04   1.4796688264E-03  -3.2484877941E-04
   32      6.7679959338E-03  -3.8188950287E-03   1.7639388301E-03  -2.8920117529E-04   1.5331591090E-04
   33     -6.2573109615E-02   3.7091429450E-02  -5.0269600308E-03   6.5985957153E-05  -8.8245281887E-05
   34      3.7217123979E-02  -3.1800056016E-01   6.1389220919E-02  -6.9518658249E-05  -9.4981973319E-05
   35     -5.0905080987E-03   6.1372246201E-02  -4.9232328625E-02  -7.4150503796E-05  -1.1868031590E-04
   36      6.7043584617E-03   4.5065867282E-04  -1.7108367521E-04   1.8856445930E-03  -8.9781016511E-04
   37      8.1950623203E-03  -2.8045338678E-03   6.9449406198E-04  -6.3041109410E-04   8.4546685281E-04
   38     -2.0360123697E-03   1.7607921318E-03   5.0636421887E-03  -6.0355192317E-04  -9.8341985040E-04
   39      3.1737832428E-04  -1.3190037235E-03   4.1989620902E-04   6.5793662813E-04  -1.9568484244E-04
   40     -4.7529884864E-04   7.5549289718E-05  -9.0820729946E-05   1.6181669182E-04  -3.0171879329E-05
   41      4.4345917691E-05   1.7746711114E-05  -6.4958581173E-04  -6.6433354161E-05   1.1576832227E-04
                   20                 21                 22                 23                 24        
    0     -1.8088825708E-03  -7.8178728278E-03   4.4396664013E-05   1.4008477681E-03  -1.3298588587E-01
    1      6.8498746502E-03   2.7139312135E-03  -6.3869085716E-04   3.4073626022E-04   4.0580662750E-02
    2      9.6738595293E-04   7.7728641962E-04   7.2531072000E-04   2.2300880368E-03   5.5662733224E-03
    3     -5.1317421869E-03   3.5794105222E-03   1.9234734716E-03  -7.1855106464E-04  -4.4681440624E-02
    4      6.3393309945E-02  -6.9072292003E-03   4.6256365346E-05   1.2899631085E-03   1.7505607471E-02
    5     -4.7305663336E-02   1.2969247237E-03   9.1028108861E-05   1.3391073843E-03   2.5524635950E-03
    6      2.0470842897E-03   4.9344735036E-03  -1.0223052828E-03  -4.2936472104E-04  -2.3129614108E-02
    7      1.5355277967E-03   2.0284645031E-03   4.3160618641E-04  -4.4604103115E-04   1.3251798563E-02
    8      4.8971409930E-03  -1.1448198817E-03  -2.6389905534E-05  -7.2284264399E-05   7.2882993036E-04
    9      8.7265573178E-04  -8.2644917649E-02  -1.1317423873E-02   1.1774447770E-02   4.4993232878E-03
   10     -9.0838928289E-04   2.0405221094E-02  -8.8238950031E-03  -4.4237197658E-03  -5.5200161403E-03
   11      4.3909998354E-03   4.0734461432E-03  -4.7257755196E-05  -1.6144203762E-02   1.3970667117E-03
   12      9.2833741177E-04   1.7298255401E-02  -1.0335787870E-02   1.7524716404E-04  -1.9966090452E-03
   13      7.7455286158E-04   1.0808819260E-02  -2.3040872922E-03  -7.4980695329E-04   1.1030201691E-03
   14      5.0993453199E-03  -4.8281127758E-03   2.0969136319E-03   8.4718148198E-04  -1.3151050857E-04
   15      4.1252537979E-05  -3.5155545420E-03   2.1674037727E-03   5.8353315574E-05   3.9643844241E-03
   16     -4.1776435420E-04   1.6796820275E-03  -8.4979983435E-04   2.3451392579E-04   2.6478763530E-03
   17     -9.6314499169E-04  -2.8507441209E-04   1.4012988256E-04   1.0593279432E-03  -5.5440535756E-04
   18      4.2438784921E-03  -8.3317766064E-04  -1.5055791299E-04   2.6452186777E-05   6.5800487309E-04
   19     -6.9575306007E-02   1.2176144309E-04   2.9709788852E-04  -2.7845719727E-04   3.1896256752E-04
   20      3.9133448808E-02  -1.7322376714E-05  -2.4627692746E-04  -8.0172318136E-04  -5.5158562010E-04
   21     -1.7322376714E-05   1.7664078288E+00   2.3415258575E-02  -2.3136430192E-01   2.0586439687E-03
   22     -2.4627692746E-04   2.3415258575E-02   1.3873600958E-01  -1.0098454848E-02   1.8696232517E-04
   23     -8.0172318136E-04  -2.3136430192E-01  -1.0098454848E-02   1.4429030404E-01  -3.3972831616E-04
   24     -5.5158562010E-04   2.0586439687E-03   1.8696232517E-04  -3.3972831616E-04   1.9760534315E-01
   25     -7.7928361607E-04  -1.1163849230E-03  -9.6785904818E-05   1.4444865495E-04  -6.9636071420E-02
   26     -2.5875175758E-03  -7.3615193337E-04  -4.0824349507E-05  -2.5676537126E-05  -9.4977254776E-03
   27     -3.1155266825E-05  -1.0766281666E-04   7.7830352427E-05  -1.2074989908E-05   1.0514381765E-03
   28      4.3033545527E-04  -6.2269197527E-05   1.6108617563E-06  -2.3153254245E-05  -4.8505571141E-04
   29      3.8689481229E-04   1.6603361195E-05  -5.2735973770E-05  -1.6953524951E-04  -4.0776026223E-04
   30      6.0516940014E-05   6.7769914821E-04   6.6414243623E-04  -3.1703736543E-04   1.4634774283E-05
   31     -4.4253928890E-05  -4.7165477414E-04  -9.0764895206E-04   1.5296344816E-04  -2.5916860447E-05
   32      3.5538269681E-04  -6.1785120562E-04  -1.3281428850E-05  -4.5927639614E-04  -1.6623646729E-04
   33     -6.8864316484E-05   1.5260866217E-03  -2.9576000747E-04  -1.5358831609E-04  -1.0848369101E-03
   34     -1.2072456288E-04   9.1363270468E-04  -2.5321052455E-04  -7.5150741945E-05   2.4771205554E-04
   35     -5.5607352801E-04  -3.5781649604E-04   8.1355854528E-05  -6.7835393266E-05   1.0367942490E-04
   36     -5.7299593614E-04  -7.8825700939E-01   2.4370924478E-02   9.5754577618E-02  -3.6697565950E-03
   37     -9.9864707024E-04  -1.4820789451E-02  -6.1085123622E-02   7.1306802566E-03  -3.3461468923E-05
   38     -3.3933896089E-03   1.0495779363E-01   1.7751724856E-03  -5.4583913195E-02   4.9102060938E-04
   39      5.2150141410E-06  -9.1300916987E-01  -2.9685161907E-02   1.2409226730E-01  -1.9655869469E-03
   40      8.4502265615E-05  -3.8863314117E-02  -6.4655630282E-02   6.8427391375E-03  -2.6414864713E-04
   41      4.1381194213E-04   1.2647287824E-01   5.5961127902E-03  -7.7198918087E-02   3.2890737392E-04
                   25                 26                 27                 28                 29        
    0      4.0403867100E-02   5.7569490268E-03   4.8659806894E-03  -2.5467817680E-02   5.6015886878E-03
    1     -5.7033611060E-02   2.6508087292E-03   5.0779989077E-03  -1.3225298600E-02   2.8785473342E-03
    2      2.4333782548E-03  -2.4668314710E-02  -1.6079865047E-03   7.0543889858E-03   5.2103060033E-04
    3     -6.6546722732E-03   8.7163076806E-03   1.0648130242E-03   2.5468227726E-03   1.2723727604E-05
    4      7.2454977599E-03  -3.0459295682E-03   1.5864864645E-03  -4.9436379447E-03   2.2460568970E-03
    5      2.0392621013E-04   3.6926712221E-03   2.3347500779E-04   2.1073234447E-03   4.9854358942E-03
    6      3.8654936671E-02  -5.3908844363E-03  -2.3177429079E-01  -1.2616258681E-01   5.6893916834E-02
    7     -1.3802314159E-02   2.2217968245E-03  -1.2871968586E-01  -1.4762868510E-01   4.4697630837E-02
    8     -1.0182179125E-03   4.6720462491E-03   5.7511079174E-02   4.4347756281E-02  -5.0545598044E-02
    9     -9.4660138569E-04   2.1839404028E-04  -2.5274801988E-04   1.0519770541E-03  -3.1912899092E-04
   10     -1.7349783399E-03   2.6107408237E-03   9.8046010564E-04  -7.8413853989E-04  -1.3854721867E-04
   11      1.8345726512E-03   4.8077252805E-03  -2.9809871353E-04  -1.4069978443E-04  -7.0815263441E-04
   12      1.4882401192E-03  -1.6091677612E-04  -3.2362948984E-03   3.1385968897E-03   6.7345201067E-04
   13      1.5326895654E-03  -5.5862000172E-04   3.8375893913E-03   7.6419216615E-05   1.1267560474E-03
   14     -8.0235548655E-04  -8.7729512693E-04   5.0299373705E-04   1.2157562075E-03   6.6938205460E-03
   15     -4.4979427215E-03   1.3427231026E-03  -1.7092319965E-02   1.1334385265E-02  -9.2239381523E-05
   16     -4.3049574377E-03   1.7192934452E-03  -1.7702806458E-02   1.1009580251E-02   2.6722995722E-04
   17      2.7774511167E-03   4.2407362025E-03   6.7351932339E-03  -3.7159625415E-03   1.8211316424E-03
   18     -8.0281589789E-04  -2.4867356704E-04   3.8758712670E-04  -1.3040113630E-03   3.1941862780E-04
   19      9.0004007480E-04  -1.0862773329E-03   1.7742289298E-04  -5.9977562405E-04   2.3046116347E-04
   20     -7.7928361607E-04  -2.5875175758E-03  -3.1155266825E-05   4.3033545527E-04   3.8689481229E-04
   21     -1.1163849230E-03  -7.3615193337E-04  -1.0766281666E-04  -6.2269197527E-05   1.6603361195E-05
   22     -9.6785904818E-05  -4.0824349507E-05   7.7830352427E-05   1.6108617563E-06  -5.2735973770E-05
   23      1.4444865495E-04  -2.5676537126E-05  -1.2074989908E-05  -2.3153254245E-05  -1.6953524951E-04
   24     -6.9636071420E-02  -9.4977254776E-03   1.0514381765E-03  -4.8505571141E-04  -4.0776026223E-04
   25      6.6587565757E-02  -3.3059217326E-03   5.4600081010E-04   6.1217088619E-04  -8.6514787840E-04
   26     -3.3059217326E-03   1.3912485795E-02  -7.6656957861E-04  -7.9756719606E-04  -2.4408101581E-03
   27      5.4600081010E-04  -7.6656957861E-04   2.4488319957E-01   1.3528311247E-01  -6.2024773833E-02
   28      6.1217088619E-04  -7.9756719606E-04   1.3528311247E-01   1.5430739724E-01  -4.9230841528E-02
   29     -8.6514787840E-04  -2.4408101581E-03  -6.2024773833E-02  -4.9230841528E-02   4.3536224998E-02
   30      6.0080226095E-05  -1.3208655555E-04  -9.0209743185E-04   6.5477340118E-04   1.3945772034E-05
   31      2.3881963030E-04  -2.2108964161E-04  -8.7570899082E-04   4.3983564308E-04   9.7565277845E-05
   32     -2.0304316787E-04  -6.3269512132E-04   3.6164515365E-04  -1.2396312038E-04   3.1502772287E-04
   33      1.4311643146E-03  -1.8694960672E-04   8.0225569525E-04  -5.0887547104E-04  -5.4838620023E-04
   34     -4.7183161975E-04   1.5210024356E-05  -1.9543665582E-04   4.2514267739E-04  -1.0356930898E-03
   35     -8.1907522505E-05   5.1639552843E-05  -6.2992913710E-04  -1.0004173600E-03  -3.7537011456E-03
   36      3.3652376655E-04   6.2247254738E-04   2.3849514830E-04  -6.2128485881E-06  -1.4993661523E-04
   37      3.5563422331E-04  -1.8643194740E-04  -1.8514363411E-04   2.1553353566E-04  -2.1538398660E-04
   38     -1.0805256509E-04   3.7339566704E-05  -1.4677842104E-04  -2.7466479091E-04  -7.1738522791E-04
   39      6.4754402480E-04   4.3859832180E-04   6.9231692648E-05  -6.7350470433E-05   2.2541181958E-05
   40      8.2615716149E-05   1.8739171484E-05   4.4226634017E-06   2.0575995984E-06   3.1620193111E-05
   41     -1.0634009878E-04  -4.6266542548E-05  -9.3529141793E-06   2.9295056747E-05   1.3452434706E-04
                   30                 31                 32                 33                 34        
    0      5.7259001633E-04  -8.8560024277E-04   2.2427216698E-05  -3.8810622584E-03   2.2104555874E-03
    1     -8.5308537284E-04  -1.2351515115E-03   2.6925804241E-04   1.8168028231E-03   1.6972884088E-03
    2      2.0435950319E-05   2.5073900432E-04  -7.5203851990E-04   1.0858163235E-03   1.0111554528E-03
    3      1.8819054321E-03  -3.3204259375E-04   6.6305366250E-04  -1.1329706321E-03  -1.1972023269E-04
    4      5.8604886507E-04  -5.2118520983E-03   2.4061725739E-03  -3.9266532182E-04   6.6670882767E-04
    5      3.1953461996E-04   2.5059776678E-03   4.5897008186E-03   7.3364697489E-05  -4.4347726653E-04
    6     -1.4930579766E-03  -3.0875663540E-03   1.9775239913E-03   1.5577678215E-04  -6.0948183320E-04
    7     -3.7992301380E-03  -1.2436357414E-03   2.3775544532E-03   2.9174670072E-02  -8.1567695888E-03
    8      2.0544740429E-03   2.3983397708E-03   6.3081763405E-03  -6.5013379156E-03   2.7059397285E-03
    9     -3.6728962842E-03   2.9596747459E-02  -5.9942518521E-03  -3.2897766554E-03  -2.9036014266E-03
   10     -2.6819366571E-03  -8.3395852155E-03   3.1446509496E-03  -1.9840738525E-03   1.0589741003E-03
   11      1.5809479261E-03  -1.3415040843E-03   3.2686147554E-03   1.9213753551E-03   1.9110742424E-03
   12     -2.9133035727E-01   1.0122842080E-01   1.1469437865E-02   7.1660327789E-03   4.7620926682E-03
   13      1.0319559956E-01  -9.9233850995E-02   1.8423767909E-03  -2.5139044527E-02  -1.3264748542E-02
   14      1.1009493226E-02   2.0624409834E-03  -3.3787107341E-02   5.3306935847E-03   3.1553197877E-03
   15     -1.7881248808E-02  -1.7705541762E-02   6.7679959338E-03  -6.2573109615E-02   3.7217123979E-02
   16      1.1670642392E-02   1.1105475273E-02  -3.8188950287E-03   3.7091429450E-02  -3.1800056016E-01
   17     -6.6839868624E-05   2.1080509030E-04   1.7639388301E-03  -5.0269600308E-03   6.1389220919E-02
   18     -5.8374167471E-05   1.4796688264E-03  -2.8920117529E-04   6.5985957153E-05  -6.9518658249E-05
   19      2.5609956954E-05  -3.2484877941E-04   1.5331591090E-04  -8.8245281887E-05  -9.4981973319E-05
   20      6.0516940014E-05  -4.4253928890E-05   3.5538269681E-04  -6.8864316484E-05  -1.2072456288E-04
   21      6.7769914821E-04  -4.7165477414E-04  -6.1785120562E-04   1.5260866217E-03   9.1363270468E-04
   22      6.6414243623E-04  -9.0764895206E-04  -1.3281428850E-05  -2.9576000747E-04  -2.5321052455E-04
   23     -3.1703736543E-04   1.5296344816E-04  -4.5927639614E-04  -1.5358831609E-04  -7.5150741945E-05
   24      1.4634774283E-05  -2.5916860447E-05  -1.6623646729E-04  -1.0848369101E-03   2.4771205554E-04
   25      6.0080226095E-05   2.3881963030E-04  -2.0304316787E-04   1.4311643146E-03  -4.7183161975E-04
   26     -1.3208655555E-04  -2.2108964161E-04  -6.3269512132E-04  -1.8694960672E-04   1.5210024356E-05
   27     -9.0209743185E-04  -8.7570899082E-04   3.6164515365E-04   8.0225569525E-04  -1.9543665582E-04
   28      6.5477340118E-04   4.3983564308E-04  -1.2396312038E-04  -5.0887547104E-04   4.2514267739E-04
   29      1.3945772034E-05   9.7565277845E-05   3.1502772287E-04  -5.4838620023E-04  -1.0356930898E-03
   30      3.0946794926E-01  -1.0896857694E-01  -1.3293547954E-02   8.5724794716E-04  -1.3634984749E-04
   31     -1.0896857694E-01   1.0183088429E-01  -3.7176380497E-03   9.7973371287E-05   5.2128584670E-04
   32     -1.3293547954E-02  -3.7176380497E-03   2.5499596266E-02  -7.1824832001E-04  -1.0598446053E-03
   33      8.5724794716E-04   9.7973371287E-05  -7.1824832001E-04   6.3163428222E-02  -3.9975833697E-02
   34     -1.3634984749E-04   5.2128584670E-04  -1.0598446053E-03  -3.9975833697E-02   3.3683112419E-01
   35     -6.2419900644E-04  -1.1160425594E-03  -3.8084583015E-03   4.2164254092E-03  -6.7839569031E-02
   36      2.0074315222E-03   6.8402863432E-04  -6.8491599262E-04  -1.0209289983E-03  -6.4110364041E-04
   37     -5.1835526554E-04   2.5069192012E-03  -1.3969085788E-03  -1.3264501033E-03  -8.8608323246E-04
   38     -6.3429418519E-04  -1.5216332739E-03  -3.0641928542E-03   4.6628054583E-04   2.7665190717E-04
   39      4.3602715696E-05  -7.9353689642E-04   4.8948716603E-04  -7.9442639934E-04  -4.8292116902E-04
   40     -1.9249553223E-05  -8.4906931979E-05   1.4062064610E-04   5.3913431104E-05   8.8795870318E-05
   41      5.1043504292E-05   2.4776918607E-04   3.8835908151E-04   9.9228207240E-05   3.8096249371E-05
                   35                 36                 37                 38                 39        
    0      1.0075500659E-03   4.1947539539E-03   1.9289382582E-03  -2.3295509331E-04   4.1111607422E-03
    1      1.0844171827E-03   5.3928277559E-03  -1.2266300503E-03   9.7922354182E-04  -9.4620289380E-04
    2      6.7966712276E-03  -1.0400129810E-03   1.3775952029E-03   5.4164668672E-03  -5.1169028098E-04
    3     -6.0815393436E-06  -5.3453232614E-02  -2.8173189149E-03   8.5398093496E-03  -3.2073611332E-03
    4     -4.2104971696E-04  -2.5740193111E-02   9.9818006205E-03   2.2044317508E-03  -1.6771427284E-03
    5     -1.1669338871E-03   1.3961489904E-02  -9.3976841005E-04   2.7492071460E-03   8.9937018394E-04
    6      5.5315729468E-04  -5.2047300138E-03  -3.1209830948E-03   1.2243203206E-03  -2.0069134428E-03
    7     -1.3879792815E-03  -2.7154080175E-03   1.1839454979E-03  -1.3198360232E-04  -1.5049581741E-03
    8      3.1390388814E-03   1.1468031675E-03  -7.9677810111E-05  -1.0698043373E-03   6.5079184617E-04
    9      2.1188309715E-03  -1.6436140573E-01  -8.1249923433E-02   3.7446446120E-02   2.4517129945E-02
   10      1.8009746314E-03  -1.1925779710E-01  -1.3178835033E-01   4.0294834169E-02   3.9393988641E-03
   11      6.7146448633E-03   4.6675020080E-02   3.5087632395E-02  -4.4569627073E-02  -3.2838102031E-03
   12     -1.7215687790E-03  -1.6381615115E-02  -3.8405053450E-02   1.2298500431E-02  -6.5651774426E-03
   13      7.2188342721E-03  -2.1827035861E-02  -3.2400409039E-02   1.2324019319E-02  -6.5811914473E-04
   14      1.3926209507E-03   8.3809044755E-03   1.4574103880E-02   2.6646477295E-03   9.9578039058E-04
   15     -5.0905080987E-03   6.7043584617E-03   8.1950623203E-03  -2.0360123697E-03   3.1737832428E-04
   16      6.1372246201E-02   4.5065867282E-04  -2.8045338678E-03   1.7607921318E-03  -1.3190037235E-03
   17     -4.9232328625E-02  -1.7108367521E-04   6.9449406198E-04   5.0636421887E-03   4.1989620902E-04
   18     -7.4150503796E-05   1.8856445930E-03  -6.3041109410E-04  -6.0355192317E-04   6.5793662813E-04
   19     -1.1868031590E-04  -8.9781016511E-04   8.4546685281E-04  -9.8341985040E-04  -1.9568484244E-04
   20     -5.5607352801E-04  -5.7299593614E-04  -9.9864707024E-04  -3.3933896089E-03   5.2150141410E-06
   21     -3.5781649604E-04  -7.8825700939E-01  -1.4820789451E-02   1.0495779363E-01  -9.1300916987E-01
   22      8.1355854528E-05   2.4370924478E-02  -6.1085123622E-02   1.7751724856E-03  -2.9685161907E-02
   23     -6.7835393266E-05   9.5754577618E-02   7.1306802566E-03  -5.4583913195E-02   1.2409226730E-01
   24      1.0367942490E-04  -3.6697565950E-03  -3.3461468923E-05   4.9102060938E-04  -1.9655869469E-03
   25     -8.1907522505E-05   3.3652376655E-04   3.5563422331E-04  -1.0805256509E-04   6.4754402480E-04
   26      5.1639552843E-05   6.2247254738E-04  -1.8643194740E-04   3.7339566704E-05   4.3859832180E-04
   27     -6.2992913710E-04   2.3849514830E-04  -1.8514363411E-04  -1.4677842104E-04   6.9231692648E-05
   28     -1.0004173600E-03  -6.2128485881E-06   2.1553353566E-04  -2.7466479091E-04  -6.7350470433E-05
   29     -3.7537011456E-03  -1.4993661523E-04  -2.1538398660E-04  -7.1738522791E-04   2.2541181958E-05
   30     -6.2419900644E-04   2.0074315222E-03  -5.1835526554E-04  -6.3429418519E-04   4.3602715696E-05
   31     -1.1160425594E-03   6.8402863432E-04   2.5069192012E-03  -1.5216332739E-03  -7.9353689642E-04
   32     -3.8084583015E-03  -6.8491599262E-04  -1.3969085788E-03  -3.0641928542E-03   4.8948716603E-04
   33      4.2164254092E-03  -1.0209289983E-03  -1.3264501033E-03   4.6628054583E-04  -7.9442639934E-04
   34     -6.7839569031E-02  -6.4110364041E-04  -8.8608323246E-04   2.7665190717E-04  -4.8292116902E-04
   35      4.0553292461E-02   2.6171427936E-04   4.0434868662E-04  -4.8980447527E-05   1.9490346941E-04
   36      2.6171427936E-04   1.0996331367E+00   1.1541147220E-01  -1.7162326977E-01  -8.2401217895E-02
   37      4.0434868662E-04   1.1541147220E-01   1.8678612058E-01  -5.1315770643E-02   1.7505402498E-02
   38     -4.8980447527E-05  -1.7162326977E-01  -5.1315770643E-02   7.1570216110E-02   9.8822422543E-03
   39      1.9490346941E-04  -8.2401217895E-02   1.7505402498E-02   9.8822422543E-03   9.8008581793E-01
   40     -2.7793785992E-05   2.4388638980E-02   2.8429189017E-02  -5.2970605981E-03   1.5399481255E-02
   41     -5.5998114729E-06   8.0420566564E-03  -4.3866136404E-03   1.9941108912E-02  -1.3353609182E-01
                   40                 41        
     0      5.2892465631E-05  -7.2108364293E-04
     1      5.1376803136E-05  -1.1741500539E-04
     2     -2.9889730781E-04  -1.0799350590E-03
     3     -4.9116580617E-04   5.9975230845E-04
     4     -3.3184338877E-04   3.7226600395E-04
     5      2.1689927614E-04   1.4405333862E-04
     6      2.2305106678E-04   2.1215220705E-04
     7     -1.6615218120E-04   2.7531307548E-04
     8      3.8292497543E-05   1.9829971709E-05
     9     -2.3976652923E-03  -1.8165377482E-03
    10      1.4371355235E-03   8.5901571612E-04
    11      1.7251414562E-03   7.4275172832E-03
    12      2.2157649934E-03   3.2304374290E-04
    13      9.9273411543E-04  -2.2495925822E-04
    14     -6.2976016019E-04  -4.0824655726E-04
    15     -4.7529884864E-04   4.4345917691E-05
    16      7.5549289718E-05   1.7746711114E-05
    17     -9.0820729946E-05  -6.4958581173E-04
    18      1.6181669182E-04  -6.6433354161E-05
    19     -3.0171879329E-05   1.1576832227E-04
    20      8.4502265615E-05   4.1381194213E-04
    21     -3.8863314117E-02   1.2647287824E-01
    22     -6.4655630282E-02   5.5961127902E-03
    23      6.8427391375E-03  -7.7198918087E-02
    24     -2.6414864713E-04   3.2890737392E-04
    25      8.2615716149E-05  -1.0634009878E-04
    26      1.8739171484E-05  -4.6266542548E-05
    27      4.4226634017E-06  -9.3529141793E-06
    28      2.0575995984E-06   2.9295056747E-05
    29      3.1620193111E-05   1.3452434706E-04
    30     -1.9249553223E-05   5.1043504292E-05
    31     -8.4906931979E-05   2.4776918607E-04
    32      1.4062064610E-04   3.8835908151E-04
    33      5.3913431104E-05   9.9228207240E-05
    34      8.8795870318E-05   3.8096249371E-05
    35     -2.7793785992E-05  -5.5998114729E-06
    36      2.4388638980E-02   8.0420566564E-03
    37      2.8429189017E-02  -4.3866136404E-03
    38     -5.2970605981E-03   1.9941108912E-02
    39      1.5399481255E-02  -1.3353609182E-01
    40      3.4155828966E-02  -2.7462560765E-03
    41     -2.7462560765E-03   5.0808862189E-02

$vibrational_frequencies
42
    0        0.000000
    1        0.000000
    2        0.000000
    3        0.000000
    4        0.000000
    5        0.000000
    6       52.926138
    7       90.247500
    8      184.890015
    9      235.909179
   10      236.594493
   11      398.727602
   12      442.879839
   13      445.935773
   14      479.021242
   15      559.050245
   16      578.270758
   17      657.194791
   18      680.561135
   19      706.698298
   20      777.132537
   21      844.884790
   22      879.085233
   23      887.624847
   24      967.768403
   25     1021.564889
   26     1094.170244
   27     1112.950081
   28     1163.386695
   29     1193.300449
   30     1297.049935
   31     1351.305568
   32     1437.244248
   33     1479.225314
   34     1533.621161
   35     1602.672584
   36     1626.207956
   37     2349.468053
   38     3174.170622
   39     3187.775836
   40     3207.347978
   41     3212.350183

$normal_modes
42 42
                    0                  1                  2                  3                  4        
    0      0.0000000000E+00   0.0000000000E+00   0.0000000000E+00   0.0000000000E+00   0.0000000000E+00
    1      0.0000000000E+00   0.0000000000E+00   0.0000000000E+00   0.0000000000E+00   0.0000000000E+00
    2      0.0000000000E+00   0.0000000000E+00   0.0000000000E+00   0.0000000000E+00   0.0000000000E+00
    3      0.0000000000E+00   0.0000000000E+00   0.0000000000E+00   0.0000000000E+00   0.0000000000E+00
    4      0.0000000000E+00   0.0000000000E+00   0.0000000000E+00   0.0000000000E+00   0.0000000000E+00
    5      0.0000000000E+00   0.0000000000E+00   0.0000000000E+00   0.0000000000E+00   0.0000000000E+00
    6      0.0000000000E+00   0.0000000000E+00   0.0000000000E+00   0.0000000000E+00   0.0000000000E+00
    7      0.0000000000E+00   0.0000000000E+00   0.0000000000E+00   0.0000000000E+00   0.0000000000E+00
    8      0.0000000000E+00   0.0000000000E+00   0.0000000000E+00   0.0000000000E+00   0.0000000000E+00
